1.000000 0.000000 0.000000 0.000000 0.000000 1.000000 0.000000 0.000000 0.000000 0.000000 1.000000 0.000000
0.999997 -0.001655 -0.002052 0.008874 0.001654 0.999998 -0.000773 -0.013761 0.002053 0.000770 0.999998 0.503293
0.999990 -0.002251 -0.003764 0.009818 0.002242 0.999995 -0.002193 -0.026737 0.003769 0.002185 0.999991 0.994483
0.999975 -0.002667 -0.006579 0.017653 0.002644 0.999990 -0.003576 -0.037867 0.006588 0.003559 0.999972 1.498790
0.999945 -0.004950 -0.009269 0.023595 0.004901 0.999974 -0.005303 -0.049596 0.009295 0.005258 0.999943 1.986738
0.999904 -0.007550 -0.011579 0.027698 0.007471 0.999948 -0.006891 -0.067486 0.011630 0.006804 0.999909 2.496413
0.999858 -0.009182 -0.014106 0.036031 0.009080 0.999932 -0.007280 -0.084909 0.014172 0.007151 0.999874 3.003762
0.999838 -0.008595 -0.015791 0.023383 0.008480 0.999937 -0.007293 -0.087369 0.015853 0.007158 0.999849 3.512383
0.999816 -0.008734 -0.017062 0.009612 0.008604 0.999933 -0.007688 -0.098692 0.017128 0.007540 0.999825 4.044096
0.999807 -0.008062 -0.017902 -0.017409 0.007875 0.999914 -0.010449 -0.113750 0.017985 0.010306 0.999785 4.561982
0.999771 -0.006259 -0.020486 -0.011812 0.005974 0.999884 -0.013979 -0.136565 0.020571 0.013853 0.999692 5.116436
0.999736 -0.004526 -0.022509 -0.023221 0.004141 0.999845 -0.017089 -0.161502 0.022583 0.016992 0.999601 5.652379
0.999671 -0.002920 -0.025481 -0.020900 0.002479 0.999847 -0.017305 -0.167765 0.025528 0.017236 0.999526 6.220181
0.999632 -0.000453 -0.027118 -0.038598 0.000178 0.999948 -0.010164 -0.185794 0.027121 0.010156 0.999581 6.800735
0.999559 0.000586 -0.029676 -0.035444 -0.000568 1.000000 0.000624 -0.205534 0.029676 -0.000607 0.999559 7.395719
0.999529 0.002226 -0.030593 -0.070335 -0.001999 0.999970 0.007459 -0.227189 0.030609 -0.007394 0.999504 8.000124
0.999470 0.004085 -0.032292 -0.089552 -0.003909 0.999977 0.005499 -0.226683 0.032314 -0.005370 0.999463 8.590176
0.999328 0.006102 -0.036149 -0.070377 -0.006145 0.999981 -0.001092 -0.242090 0.036141 0.001313 0.999346 9.210240
0.999243 0.005231 -0.038541 -0.087236 -0.005464 0.999968 -0.005926 -0.254419 0.038508 0.006132 0.999239 9.829582
0.999255 0.002689 -0.038508 -0.150543 -0.002863 0.999986 -0.004449 -0.257773 0.038495 0.004556 0.999248 10.497968
0.999230 0.000728 -0.039238 -0.187334 -0.000595 0.999994 0.003384 -0.244504 0.039240 -0.003358 0.999224 11.183552
0.999126 0.000363 -0.041806 -0.198816 0.000099 0.999939 0.011045 -0.261433 0.041807 -0.011040 0.999065 11.876431
0.998991 -0.001536 -0.044883 -0.193576 0.002101 0.999919 0.012531 -0.240723 0.044860 -0.012612 0.998914 12.547952
0.998886 -0.004888 -0.046934 -0.177075 0.005422 0.999922 0.011237 -0.223961 0.046876 -0.011479 0.998835 13.187712
0.998676 -0.004370 -0.051255 -0.101197 0.005009 0.999911 0.012350 -0.280572 0.051197 -0.012591 0.998609 13.793950
0.998689 -0.003124 -0.051103 -0.139749 0.003588 0.999953 0.008990 -0.272612 0.051072 -0.009161 0.998653 14.494873
0.998756 -0.004138 -0.049691 -0.180517 0.004242 0.999989 0.001990 -0.269904 0.049682 -0.002198 0.998763 15.218792
0.998647 -0.009872 -0.051063 -0.191290 0.009574 0.999936 -0.006081 -0.240262 0.051119 0.005584 0.998677 15.964136
0.998426 -0.009046 -0.055343 -0.134257 0.008479 0.999909 -0.010465 -0.264979 0.055433 0.009979 0.998413 16.698980
0.998285 -0.009815 -0.057709 -0.185303 0.009100 0.999879 -0.012628 -0.257221 0.057826 0.012081 0.998254 17.505897
0.998275 -0.010638 -0.057735 -0.317584 0.010062 0.999897 -0.010253 -0.294486 0.057838 0.009654 0.998279 18.425108
0.998158 -0.010069 -0.059828 -0.350413 0.009314 0.999874 -0.012880 -0.299818 0.059950 0.012299 0.998126 19.254349
0.997987 -0.008349 -0.062866 -0.370375 0.007385 0.999852 -0.015552 -0.315554 0.062987 0.015057 0.997901 20.068503
0.997616 -0.006104 -0.068743 -0.350295 0.004916 0.999836 -0.017431 -0.323495 0.068838 0.017051 0.997482 20.843974
0.997519 -0.005419 -0.070182 -0.428074 0.004027 0.999793 -0.019957 -0.303913 0.070276 0.019625 0.997335 21.691395
0.997291 -0.003518 -0.073471 -0.477404 0.002210 0.999838 -0.017873 -0.358422 0.073522 0.017662 0.997137 22.557825
0.997078 -0.003459 -0.076307 -0.550606 0.002046 0.999825 -0.018595 -0.377698 0.076358 0.018384 0.996911 23.431956
0.996733 -0.002739 -0.080724 -0.604014 0.001228 0.999823 -0.018758 -0.397991 0.080761 0.018598 0.996560 24.293360
0.996410 -0.002474 -0.084627 -0.671512 0.000971 0.999841 -0.017798 -0.416013 0.084657 0.017652 0.996254 25.170164
0.995979 -0.001184 -0.089575 -0.746552 -0.000259 0.999870 -0.016093 -0.449055 0.089583 0.016051 0.995850 26.071144
0.995643 -0.000147 -0.093242 -0.841056 -0.001389 0.999864 -0.016411 -0.481533 0.093232 0.016469 0.995508 26.956075
0.995352 0.006145 -0.096111 -0.970546 -0.007407 0.999891 -0.012783 -0.541970 0.096022 0.013435 0.995289 27.859135
0.994692 0.006460 -0.102699 -1.057891 -0.007196 0.999951 -0.006802 -0.614836 0.102650 0.007505 0.994689 28.733511
0.993862 0.007371 -0.110383 -1.150810 -0.007348 0.999973 0.000607 -0.674509 0.110384 0.000208 0.993889 29.629450
0.992510 0.010017 -0.121751 -1.258803 -0.010130 0.999949 -0.000303 -0.644510 0.121741 0.001534 0.992561 30.551531
0.991947 0.013137 -0.125970 -1.456714 -0.014331 0.999861 -0.008575 -0.582927 0.125840 0.010311 0.991997 31.468665
0.991529 0.014209 -0.129110 -1.713535 -0.016767 0.999684 -0.018742 -0.512045 0.128802 0.020748 0.991453 32.397375
0.990678 0.002118 -0.136207 -1.729226 -0.003567 0.999940 -0.010391 -0.569964 0.136177 0.010780 0.990626 33.027498
0.990052 0.008782 -0.140430 -1.949712 -0.010749 0.999854 -0.013255 -0.578773 0.140293 0.014633 0.990002 33.856957
0.989057 0.013643 -0.146902 -2.163200 -0.016509 0.999696 -0.018307 -0.570865 0.146607 0.020531 0.988982 34.647677
0.989858 0.012620 -0.141497 -2.522610 -0.016258 0.999566 -0.024581 -0.535911 0.141125 0.026632 0.989634 35.467310
0.986975 0.001366 -0.160867 -2.552530 -0.005296 0.999698 -0.024004 -0.512866 0.160785 0.024543 0.986684 36.075702
0.984743 -0.002647 -0.173992 -2.737821 -0.002769 0.999519 -0.030878 -0.475370 0.173991 0.030889 0.984263 36.770266
0.981977 -0.014313 -0.188457 -2.945149 0.006616 0.999120 -0.041411 -0.448461 0.188884 0.039418 0.981208 37.454015
0.977391 -0.014593 -0.210934 -3.093293 0.005571 0.999046 -0.043304 -0.483105 0.211364 0.041150 0.976541 38.061473
-0.778527 -0.553799 -0.295301 -4.387292 -0.560141 0.400886 0.724936 29.922273 -0.283087 0.729792 -0.622306 29.242219
-0.457444 0.054052 -0.887594 -11.861598 0.317641 -0.922366 -0.219874 -4.470376 -0.830571 -0.382516 0.404762 48.973169
-0.380667 0.009707 -0.924661 -11.166673 0.003544 -0.999922 -0.011956 -1.010358 -0.924706 -0.007828 0.380603 47.760009
0.988578 -0.006955 -0.150552 -3.742711 0.000591 0.999106 -0.042274 -0.522174 0.150712 0.041702 0.987698 39.314954
0.992955 0.073230 -0.093156 -5.268089 -0.091794 0.972527 -0.213930 -0.518456 0.074930 0.220974 0.972397 41.826546
0.994097 0.025351 -0.105490 -4.674700 -0.039116 0.990671 -0.130539 -0.468739 0.101197 0.133895 0.985815 40.884443
0.878862 -0.440760 -0.182573 -5.720832 0.406024 0.891966 -0.198849 -1.014985 0.250494 0.100631 0.962874 44.771999
-0.941568 -0.156216 -0.298406 -7.224990 0.228791 -0.946819 -0.226249 -3.243302 -0.247193 -0.281301 0.927235 51.870018
-0.828739 -0.558237 0.039530 -5.845483 -0.524620 0.799540 0.292419 -0.190807 -0.194845 0.221601 -0.955473 43.889841
-0.046330 -0.939824 -0.338503 -0.640380 0.099162 -0.341520 0.934629 -20.924580 -0.993992 0.009734 0.109017 40.220581
0.115412 -0.762414 -0.636715 5.955162 -0.012947 -0.642098 0.766513 -16.638547 -0.993233 -0.080221 -0.083977 44.401355
0.236298 0.643633 -0.727943 -20.870182 -0.322526 0.758639 0.566078 9.549200 0.916592 0.101017 0.386853 50.179564
0.308563 0.692854 -0.651722 -18.559877 -0.426044 0.713254 0.556556 8.553979 0.850456 0.105929 0.515271 51.992584
0.361356 0.728439 -0.582064 -16.581123 -0.512026 0.676725 0.529030 7.415404 0.779263 0.106864 0.617518 53.070388
0.237161 0.556477 -0.796297 -21.609230 -0.281805 0.823845 0.491798 7.633908 0.929699 0.107765 0.352202 49.262851
0.199502 0.538041 -0.818969 -21.901389 -0.249419 0.836125 0.488554 7.559913 0.947623 0.106799 0.301006 48.286494
0.133072 0.526498 -0.839697 -22.190790 -0.208533 0.843140 0.495609 7.716064 0.968920 0.109153 0.221990 46.819280
-0.185560 0.504865 -0.843018 -21.878872 -0.018851 0.855930 0.516747 7.969107 0.982452 0.111779 -0.149309 39.979561
-0.164117 0.237902 -0.957323 10.112803 0.043910 -0.967758 -0.248023 2.865840 -0.985463 -0.082741 0.148380 40.161858
0.108452 -0.018223 -0.993935 -23.902522 -0.049541 0.998491 -0.023712 -2.035164 0.992867 0.051812 0.107385 44.585398
0.211269 -0.083697 -0.973838 -22.960754 -0.045354 0.994414 -0.095305 -3.219920 0.976375 0.064302 0.206293 46.195475
0.154787 -0.065629 -0.985766 -23.109904 -0.049358 0.996031 -0.074063 -2.875122 0.986714 0.060119 0.150933 45.249829
0.138892 -0.061997 -0.988365 -22.865037 -0.047180 0.996491 -0.069137 -2.775847 0.989183 0.056233 0.135480 44.958378
0.038241 -0.068071 -0.996947 -23.184051 -0.045671 0.996515 -0.069794 -2.841389 0.998224 0.048200 0.034999 43.313093
0.025844 -0.062080 -0.997737 -22.955214 -0.044227 0.997022 -0.063181 -2.748841 0.998687 0.045759 0.023021 43.119423
0.009063 -0.043021 -0.999033 -22.771489 -0.040905 0.998222 -0.043357 -2.436615 0.999122 0.041258 0.007287 42.876064
0.026995 -0.154143 -0.987680 -21.858133 -0.028971 0.987504 -0.154907 -4.105048 0.999216 0.032796 0.022192 43.167600
0.010322 -0.199386 -0.979867 -21.476669 -0.025574 0.979546 -0.199590 -4.695906 0.999620 0.027120 0.005012 42.928652
0.172776 -0.508574 -0.843505 -19.046054 -0.024034 0.853953 -0.519795 -9.183091 0.984668 0.110081 0.135319 44.836731
0.199286 -0.637476 -0.744251 -17.639886 -0.006869 0.758558 -0.651570 -11.180770 0.979917 0.134961 0.146792 45.011310
0.244720 -0.577397 -0.778925 -17.920842 -0.022398 0.799771 -0.599887 -10.242828 0.969335 0.164251 0.182788 45.480954
0.241545 -0.585602 -0.773774 -17.634832 -0.025303 0.793313 -0.608288 -10.265058 0.970060 0.166508 0.176804 45.358329
0.106687 -0.092408 -0.989989 -21.734214 -0.045781 0.994159 -0.097731 -3.241638 0.993238 0.055749 0.101833 44.341015
0.106031 -0.097104 -0.989610 -21.482518 -0.045713 0.993692 -0.102403 -3.247732 0.993312 0.056096 0.100923 44.319244
0.107314 -0.125100 -0.986323 -21.377272 -0.049456 0.990152 -0.130967 -3.639515 0.992994 0.062835 0.100070 44.297074
0.102115 -0.126437 -0.986705 -21.181537 -0.046816 0.990180 -0.131727 -3.617873 0.993670 0.059645 0.095193 44.220158
0.094655 -0.125053 -0.987625 -21.035913 -0.043362 0.990619 -0.129588 -3.570336 0.994565 0.055092 0.088345 44.122074
0.090187 -0.126790 -0.987821 -20.797999 -0.040144 0.990594 -0.130811 -3.574493 0.995115 0.051452 0.084249 44.059542
0.104876 -0.128758 -0.986115 -20.605438 -0.040344 0.990216 -0.133584 -3.621505 0.993667 0.053794 0.098655 44.256075
0.098315 -0.127531 -0.986950 -20.474123 -0.037768 0.990562 -0.131760 -3.588038 0.994438 0.050230 0.092570 44.172757
0.105848 -0.127156 -0.986219 -20.342126 -0.041156 0.990380 -0.132110 -3.570215 0.993530 0.054572 0.099597 44.279654
0.102568 -0.130385 -0.986144 -20.157138 -0.041752 0.989934 -0.135228 -3.570871 0.993849 0.055044 0.096092 44.261119
0.098457 -0.133669 -0.986123 -19.974554 -0.042921 0.989445 -0.138405 -3.572723 0.994215 0.055952 0.091681 44.232506
0.091758 -0.132041 -0.986988 -19.827563 -0.041210 0.989817 -0.136250 -3.524298 0.994928 0.053176 0.085382 44.178859
0.085872 -0.134771 -0.987149 -19.662011 -0.044759 0.989286 -0.138956 -3.544923 0.995300 0.056116 0.078920 44.123102
0.080736 -0.124794 -0.988892 -19.631889 -0.050447 0.990348 -0.129096 -3.420567 0.995458 0.060310 0.073661 44.069828
0.066033 -0.115264 -0.991138 -19.638302 -0.049548 0.991701 -0.118631 -3.309125 0.996586 0.056943 0.059774 43.923429
0.061086 -0.114763 -0.991513 -19.494882 -0.051642 0.991674 -0.117964 -3.288402 0.996796 0.058409 0.054651 43.884288
0.056317 -0.114200 -0.991860 -19.365779 -0.054092 0.991629 -0.117244 -3.266143 0.996947 0.060254 0.049668 43.847126
0.221934 0.064670 -0.972915 -20.194568 -0.076982 0.995846 0.048634 -1.113959 0.972018 0.064103 0.225991 46.309813
0.071786 -0.104034 -0.991980 -19.289893 -0.054906 0.992625 -0.108075 -3.080680 0.995908 0.062224 0.065544 44.111310
0.069187 -0.107000 -0.991849 -19.191908 -0.057810 0.992130 -0.111063 -3.060789 0.995927 0.065023 0.062457 44.100567
0.067018 -0.109509 -0.991724 -19.093484 -0.059983 0.991719 -0.113562 -3.046675 0.995947 0.067097 0.059894 44.089776
0.372017 0.204040 -0.905523 -19.778525 -0.131768 0.977270 0.166072 0.682756 0.918826 0.057538 0.390447 48.785397
0.378634 0.211438 -0.901072 -19.655954 -0.137127 0.975627 0.171311 0.741524 0.915332 0.058697 0.398400 48.853624
0.261024 0.093592 -0.960784 -19.785360 -0.096611 0.992825 0.070466 -0.727135 0.960486 0.074429 0.268193 46.860592
0.277939 0.102295 -0.955136 -19.693088 -0.102381 0.991805 0.076430 -0.662250 0.955127 0.076545 0.286135 47.011349
0.297055 0.110487 -0.948447 -19.590238 -0.106744 0.990900 0.082000 -0.606630 0.948875 0.076882 0.306145 47.162385
0.323504 0.122446 -0.938271 -19.481849 -0.112211 0.989559 0.090451 -0.514670 0.939550 0.076024 0.333867 47.391461
0.405287 0.177155 -0.896860 -19.242492 -0.139131 0.981569 0.131015 0.058706 0.903540 0.071682 0.422465 48.473796
0.426940 0.179614 -0.886262 -19.114588 -0.143068 0.981148 0.129923 0.059396 0.892890 0.071326 0.444589 48.575769
0.428714 0.165636 -0.888127 -19.060711 -0.138365 0.983490 0.116630 -0.102554 0.892782 0.072885 0.444554 48.333652
0.450670 0.159962 -0.878242 -18.933919 -0.140012 0.984304 0.107433 -0.163043 0.881642 0.074547 0.465993 48.362610
0.499055 0.165935 -0.850535 -18.948363 -0.157245 0.982542 0.099424 -0.141656 0.852184 0.084124 0.516435 48.878701
0.437482 0.040685 -0.898306 -19.022185 -0.112859 0.993561 -0.009965 -1.564055 0.892116 0.105742 0.439257 47.376476
0.489293 0.051163 -0.870617 -18.882749 -0.118209 0.992956 -0.008082 -1.453068 0.864071 0.106869 0.491895 47.753444
0.522206 0.009297 -0.852769 -18.595895 -0.099618 0.993760 -0.050168 -1.943071 0.846981 0.111149 0.519874 47.688980
0.626922 0.042557 -0.777919 -17.967244 -0.130779 0.990087 -0.051231 -1.758100 0.768027 0.133853 0.626273 48.707230
0.630629 0.070737 -0.772854 -18.048918 -0.132380 0.991048 -0.017311 -1.271048 0.764711 0.113227 0.634347 48.386924
0.899971 -0.244870 -0.360681 -44.579175 0.038601 0.868856 -0.493557 -33.534800 0.434237 0.430265 0.791398 79.096961
0.373199 -0.839280 0.395388 1587525.171206 0.826172 0.106751 -0.553212 -53529.245093 0.422092 0.533117 0.733229 2342715.347932
-0.943012 0.282910 -0.175187 2219479.075327 0.249731 0.253763 -0.934472 2478606.939095 -0.219915 -0.924968 -0.309953 1402574.345828
-0.979811 0.044475 -0.194916 2336864.772746 0.195987 0.406258 -0.892493 2629938.594022 0.039492 -0.912675 -0.406773 1164516.205793
-0.970049 0.043892 -0.238912 2330418.448582 0.235777 0.406737 -0.882595 2595292.207839 0.058435 -0.912490 -0.404903 1147823.266371
-0.957236 0.038316 -0.286760 2331479.849287 0.276376 0.414153 -0.867233 2538773.608998 0.085534 -0.909400 -0.407032 1138926.873047
-0.943343 0.044866 -0.328773 2297352.958747 0.314958 0.432904 -0.844627 2461152.510089 0.104432 -0.900323 -0.422508 1178853.180125
-0.923810 0.041990 -0.380541 2296890.740842 0.360565 0.429591 -0.827915 2410037.855807 0.128713 -0.902047 -0.412001 1150097.553754
-0.899731 0.038684 -0.434727 2307873.358462 0.408194 0.427124 -0.806810 2361749.484113 0.154471 -0.903365 -0.400087 1129439.809901
-0.881496 0.035430 -0.470860 2270682.570321 0.437009 0.438910 -0.785099 2326963.015406 0.178849 -0.897832 -0.402381 1151288.783532
-0.866522 0.037782 -0.497707 2204954.071987 0.455433 0.467889 -0.757404 2286718.969436 0.204256 -0.882979 -0.422643 1211306.902577
-0.741055 -0.094998 0.664690 -532405.156692 0.667217 -0.215092 0.713132 -471192.388698 0.075224 0.971962 0.222780 -218544.023630
-0.888242 -0.282887 0.361941 -65431.176048 0.429964 -0.234567 0.871843 -858898.226934 -0.161734 0.930029 0.329983 -257339.454952
0.679668 0.715197 0.162929 73718.436449 -0.682177 0.697943 -0.217968 -145220.850214 -0.269605 0.037000 0.962260 697168.434579
0.954660 0.047812 -0.293833 -92870.242283 -0.296538 0.065696 -0.952759 -714029.059012 -0.026249 0.996694 0.076895 449226.344498
-0.906020 0.146566 0.397047 -1327557.811502 0.249282 -0.573335 0.780477 -1021805.120605 0.342032 0.806105 0.482917 179048.319501
-0.703260 0.660215 -0.263706 3327695.791451 0.371831 0.025427 -0.927952 -4971973.692632 -0.605943 -0.750646 -0.263370 2519904.107694
-0.159377 0.925812 -0.342741 2804773.439820 0.259990 -0.295561 -0.919265 -4811475.025605 -0.952368 -0.235619 -0.193597 2648454.644876
-0.582476 -0.172773 -0.794274 4201077.596257 -0.812840 0.128218 0.568200 -3047557.322267 0.003671 0.976581 -0.215121 1489429.539628
-0.863455 0.491276 0.114424 -1417793.282078 -0.119390 0.021355 -0.992618 5751967.718716 -0.490093 -0.870742 0.040215 -96218.103009
0.932885 0.266905 -0.241842 -2020214.898168 0.288538 -0.151929 0.945338 4801542.491705 0.215572 -0.951672 -0.218744 -1110918.681143
0.991144 -0.124792 -0.045396 667879.390046 0.066054 0.166748 0.983785 1331990.009878 -0.115198 -0.978071 0.173514 576897.990236
0.982745 0.183396 0.024057 -1340460.724164 -0.051774 0.147883 0.987649 4956355.835692 0.177573 -0.971852 0.154826 449731.422825
0.489147 0.378936 0.785584 2320232.240438 -0.844680 0.430281 0.318393 2495430.419747 -0.217372 -0.819308 0.530550 2136102.886457
0.701346 -0.680958 0.210737 3134.225521 0.246910 0.509412 0.824339 2236146.427474 -0.668692 -0.526114 0.525410 1724579.343111
-0.525718 -0.226564 -0.819932 -1452612.508017 -0.817270 -0.132871 0.560727 3365867.959197 -0.235986 0.964891 -0.115311 654180.636435
-0.352969 -0.286893 -0.890565 1842885.554016 -0.913790 -0.098774 0.393994 -2366920.201109 -0.200998 0.952857 -0.227296 685920.069759
-0.298112 -0.253379 -0.920287 1970532.709996 -0.947011 -0.042272 0.318407 -2302755.142854 -0.119580 0.966443 -0.227351 667837.794067
-0.271732 -0.255473 -0.927844 1632658.437356 -0.954755 -0.049508 0.293244 -2063505.959951 -0.120852 0.965548 -0.230461 554624.209054
-0.244801 -0.257495 -0.934756 1482458.440436 -0.963428 -0.043769 0.264367 -1995495.766494 -0.108987 0.965288 -0.237364 526531.091042
-0.201634 -0.287433 -0.936337 1358442.951749 -0.973944 -0.042484 0.222774 -1883357.435816 -0.103812 0.956858 -0.271377 591156.665988
-0.222803 -0.286156 -0.931919 1517806.941116 -0.965457 -0.067706 0.251612 -2068360.522401 -0.135097 0.955788 -0.261186 609816.546070
-0.211442 -0.293207 -0.932375 1477632.776559 -0.968526 -0.065334 0.240186 -2052324.563272 -0.131340 0.953814 -0.270164 607647.201025
-0.207309 -0.290969 -0.934002 1462201.062803 -0.968688 -0.072283 0.237527 -2062405.088665 -0.136625 0.953998 -0.266874 590752.483871
-0.207812 -0.289081 -0.934476 1426336.561657 -0.969653 -0.064904 0.235713 -2057177.991218 -0.128791 0.955102 -0.266821 588931.466385
-0.207529 -0.287205 -0.935118 1389180.499460 -0.970198 -0.061808 0.234297 -2040974.792386 -0.125089 0.955873 -0.265819 579000.540043
-0.207080 -0.287522 -0.935120 1360647.560547 -0.969583 -0.067170 0.235365 -2032905.075177 -0.130484 0.955416 -0.264867 567816.487882
-0.205453 -0.288763 -0.935096 1330656.532732 -0.968865 -0.074881 0.235996 -2024038.862728 -0.138168 0.954468 -0.264388 555257.095305
-0.213527 -0.288234 -0.933449 1312932.403855 -0.966876 -0.074424 0.244154 -2043031.545946 -0.139844 0.954663 -0.262796 546050.796207
-0.207978 -0.289787 -0.934221 1270125.864739 -0.967728 -0.077982 0.239627 -2015497.141967 -0.142293 0.953909 -0.264217 533159.645192
-0.210065 -0.289741 -0.933768 1236348.224965 -0.966887 -0.080005 0.242341 -2010057.515544 -0.144922 0.953755 -0.263340 523226.476365
-0.207896 -0.289932 -0.934194 1197239.767274 -0.966481 -0.086201 0.241834 -1997083.445834 -0.150644 0.953157 -0.262293 511315.255194
-0.209696 -0.288207 -0.934326 1163755.126903 -0.966785 -0.081699 0.242182 -1989662.118093 -0.146133 0.954076 -0.261502 504692.206134
-0.209516 -0.286970 -0.934747 1131025.008477 -0.966707 -0.082828 0.242108 -1982063.897391 -0.146900 0.954352 -0.260062 497880.875200
-0.208068 -0.284854 -0.935717 1096414.291722 -0.966902 -0.084539 0.240737 -1972356.191311 -0.147679 0.954836 -0.257836 485779.271777
-0.209858 -0.283174 -0.935827 1061627.329957 -0.966601 -0.083928 0.242155 -1969332.185248 -0.147114 0.955389 -0.256103 473981.002201
-0.210208 -0.279248 -0.936927 1024446.808256 -0.967072 -0.081247 0.241187 -1959660.969858 -0.143473 0.956776 -0.252974 462270.780208
-0.210131 -0.276657 -0.937713 992023.247789 -0.967340 -0.080243 0.240445 -1952133.990249 -0.141765 0.957613 -0.250760 452580.700007
-0.206557 -0.276513 -0.938549 954654.936839 -0.967740 -0.083702 0.237641 -1939813.315726 -0.144270 0.957358 -0.250304 442500.056633
-0.209459 -0.280194 -0.936813 923658.914105 -0.966929 -0.083227 0.241085 -1941797.510440 -0.145519 0.956329 -0.253495 434465.629744
-0.209046 -0.285959 -0.935162 887422.620684 -0.966483 -0.085322 0.242138 -1936568.528913 -0.149031 0.954436 -0.258538 423375.625505
-0.208525 -0.287511 -0.934802 850596.251585 -0.966281 -0.087062 0.242324 -1931186.688864 -0.151057 0.953812 -0.259662 410995.159759
-0.209009 -0.287741 -0.934623 815453.433033 -0.965228 -0.092739 0.244405 -1929587.351668 -0.157001 0.953208 -0.258353 399544.076603
-0.211518 -0.283691 -0.935297 775512.748162 -0.963686 -0.099061 0.247985 -1927429.553832 -0.163002 0.953785 -0.252436 385568.079728
-0.203529 -0.279534 -0.938316 725286.885565 -0.964626 -0.106753 0.241039 -1903828.962072 -0.167547 0.954183 -0.247919 369236.692189
-0.208576 -0.274632 -0.938655 686793.061018 -0.963174 -0.108835 0.245867 -1904874.914343 -0.169682 0.955370 -0.241818 358775.065423
-0.212451 -0.273864 -0.938010 647654.228795 -0.961466 -0.112827 0.250705 -1904311.809354 -0.174492 0.955127 -0.239341 345625.835026
-0.208811 -0.279250 -0.937239 605219.826945 -0.960534 -0.121530 0.250210 -1890637.739040 -0.183774 0.952497 -0.242852 326663.709820
-0.209168 -0.288540 -0.934341 566136.711507 -0.958887 -0.126878 0.253845 -1886035.210374 -0.191792 0.949024 -0.250139 309234.491064
-0.213834 -0.293654 -0.931688 527612.025569 -0.957186 -0.127513 0.259876 -1886467.209814 -0.195116 0.947369 -0.253815 296704.412285
-0.208675 -0.290887 -0.933724 477376.555930 -0.955457 -0.143104 0.258114 -1870560.329264 -0.208702 0.945995 -0.248067 276867.506868
-0.228226 -0.279765 -0.932547 431216.000691 -0.953895 -0.127516 0.271705 -1877181.962531 -0.194929 0.951563 -0.237764 266445.079460
-0.234033 -0.277207 -0.931872 383557.521323 -0.951831 -0.129980 0.277712 -1873823.241220 -0.198109 0.951978 -0.233434 250634.250820
-0.229515 -0.282464 -0.931417 330130.856649 -0.948634 -0.149176 0.278997 -1860409.599930 -0.217751 0.947608 -0.233717 229074.622590
-0.225683 -0.289972 -0.930045 259743.744653 -0.947998 -0.154559 0.278228 -1832584.443399 -0.224425 0.944472 -0.240011 212333.634944
-0.219779 -0.291215 -0.931070 198049.464641 -0.948774 -0.158264 0.273459 -1809429.699387 -0.226990 0.943476 -0.241514 195383.970558
-0.216464 -0.291974 -0.931609 139842.614845 -0.947594 -0.166822 0.272461 -1794410.383846 -0.234964 0.941765 -0.240562 175869.177174
-0.210377 -0.287065 -0.934524 101524.236154 -0.944066 -0.188640 0.270471 -1785066.140203 -0.253931 0.939153 -0.231323 147973.195806
-0.205926 -0.290974 -0.934306 32437.800131 -0.943837 -0.193049 0.268148 -1761184.832928 -0.258391 0.937052 -0.234878 131184.413194
-0.211404 -0.288350 -0.933896 -53126.787192 -0.953484 -0.149230 0.261914 -1728929.443201 -0.214888 0.945825 -0.243390 127649.534718
-0.199133 -0.288412 -0.936570 -117694.288495 -0.949711 -0.178873 0.257010 -1701744.191202 -0.241652 0.940650 -0.238289 100280.222085
-0.207655 -0.289788 -0.934292 -167964.605899 -0.949844 -0.168576 0.263399 -1699523.110232 -0.233829 0.942128 -0.240248 87998.031245
-0.204862 -0.290180 -0.934787 -229851.280183 -0.949073 -0.174658 0.262211 -1679963.992644 -0.239357 0.940898 -0.239621 67908.571810
-0.204213 -0.290903 -0.934704 -284577.083979 -0.948841 -0.176078 0.262102 -1666556.292509 -0.240827 0.940411 -0.240063 51962.602198
-0.201219 -0.291229 -0.935252 -347040.324605 -0.949357 -0.177231 0.259441 -1646453.538749 -0.241313 0.940093 -0.240818 34536.956117
-0.200990 -0.291188 -0.935314 -406746.984293 -0.948535 -0.180667 0.260077 -1629476.893324 -0.244712 0.939452 -0.239889 17084.324480
-0.189052 -0.285237 -0.939627 -443704.434529 -0.950014 -0.188984 0.248510 -1614140.795341 -0.248459 0.939641 -0.235251 -387.800615
-0.187885 -0.292322 -0.937682 -506935.697757 -0.949813 -0.189029 0.249245 -1595187.325738 -0.250109 0.937452 -0.242135 -10824.330676
-0.180122 -0.290659 -0.939720 -558291.730835 -0.951699 -0.189995 0.241185 -1572983.489331 -0.248645 0.937774 -0.242397 -24170.746973
-0.176177 -0.291045 -0.940348 -608816.081205 -0.953877 -0.185409 0.236097 -1554804.970506 -0.243063 0.938572 -0.244956 -34888.149961
-0.171163 -0.289371 -0.941790 -657199.932387 -0.955261 -0.185280 0.230540 -1538038.618487 -0.241206 0.939114 -0.244712 -50052.214111
-0.169766 -0.291157 -0.941492 -703914.950470 -0.956346 -0.181925 0.228705 -1524937.147030 -0.237869 0.939218 -0.247562 -62255.670810
-0.167249 -0.287559 -0.943047 -752383.641160 -0.957439 -0.180854 0.224949 -1508312.502397 -0.235240 0.940533 -0.245073 -77154.266531
-0.168250 -0.288199 -0.942673 -795521.781566 -0.957267 -0.180432 0.226017 -1501441.120339 -0.235226 0.940418 -0.245526 -90772.077219
-0.154213 -0.289104 -0.944795 -847163.117964 -0.965651 -0.158299 0.206056 -1476369.725901 -0.209132 0.944119 -0.254762 -96397.603342
-0.150631 -0.291502 -0.944636 -882722.863080 -0.963183 -0.171966 0.206655 -1473151.907382 -0.222686 0.940986 -0.254867 -111076.972110
-0.147501 -0.303493 -0.941348 -930631.104721 -0.965673 -0.161564 0.203401 -1463431.658479 -0.213819 0.939036 -0.269244 -116464.383631
-0.080498 -0.303849 -0.949313 -993664.707409 -0.975601 -0.171155 0.137509 -1403048.790938 -0.204262 0.937220 -0.282657 -129656.816526
-0.090846 -0.302884 -0.948688 -886731.768330 -0.966997 -0.200877 0.156732 -1433091.793167 -0.238041 0.931617 -0.274639 -99073.123434
-0.085759 -0.301078 -0.949736 -905012.012281 -0.965904 -0.208599 0.153348 -1428592.799536 -0.244283 0.930505 -0.272923 -106022.015503
-0.078279 -0.299242 -0.950961 -925615.597896 -0.964966 -0.216869 0.147674 -1423557.584563 -0.250424 0.929205 -0.271782 -113904.698400
-0.071164 -0.295577 -0.952665 -941689.462840 -0.963411 -0.227063 0.142416 -1420817.176690 -0.258410 0.927942 -0.268603 -121543.088494
-0.063550 -0.298198 -0.952386 -961281.688582 -0.963985 -0.228610 0.135903 -1417194.323338 -0.258251 0.926723 -0.272931 -127006.574311
0.031362 -0.298472 -0.953903 -1088975.435278 -0.982973 -0.182088 0.024656 -1512364.750326 -0.181053 0.936888 -0.299101 -126129.323559
-0.035083 -0.292388 -0.955656 -1017779.216926 -0.960486 -0.254325 0.113072 -1402699.852839 -0.276108 0.921861 -0.271912 -152582.252120
-0.027817 -0.290633 -0.956430 -1039462.803936 -0.960363 -0.257712 0.106243 -1399460.102936 -0.277361 0.921476 -0.271945 -159788.502792
-0.026892 -0.294288 -0.955339 -1062911.530587 -0.963561 -0.246799 0.103149 -1397936.060171 -0.266132 0.923301 -0.276927 -163314.310423
-0.016601 -0.295571 -0.955176 -1090358.777480 -0.962565 -0.253763 0.095254 -1391875.631206 -0.270543 0.921000 -0.280294 -171575.091831
-0.012819 -0.297460 -0.954648 -1113616.868791 -0.962320 -0.255672 0.092587 -1390759.264786 -0.271618 0.919864 -0.282974 -178631.171189
-0.009535 -0.285837 -0.958231 -1124562.934326 -0.955818 -0.278953 0.092722 -1394329.677089 -0.293805 0.916778 -0.270548 -189582.108349
0.012643 -0.275536 -0.961208 -1147732.323779 -0.947066 -0.311694 0.076892 -1385975.622350 -0.320789 0.909355 -0.264891 -201630.889914
-0.006460 -0.282372 -0.959283 -1172246.504419 -0.958735 -0.270917 0.086203 -1390765.659118 -0.284227 0.920255 -0.268970 -203127.117663
-0.004947 -0.283146 -0.959064 -1198938.525282 -0.959546 -0.268646 0.084262 -1387802.749297 -0.281507 0.920683 -0.270363 -210132.414557
0.007488 -0.284671 -0.958596 -1229605.381071 -0.956733 -0.280884 0.075940 -1379834.947123 -0.290872 0.916551 -0.274458 -219855.678388
-0.003049 -0.293102 -0.956076 -1252988.892273 -0.962383 -0.258889 0.082436 -1381829.914589 -0.271679 0.920363 -0.281287 -223196.963605
0.009371 -0.288803 -0.957343 -1281322.474814 -0.963282 -0.259513 0.068859 -1374463.488715 -0.268330 0.921545 -0.280631 -234484.004238
0.002941 -0.293611 -0.955920 -1308563.203410 -0.964562 -0.253045 0.074755 -1374619.652207 -0.263840 0.921825 -0.283951 -241578.508420
0.003128 -0.294789 -0.955557 -1334942.985931 -0.964163 -0.254392 0.075324 -1374200.406814 -0.265291 0.921078 -0.285021 -249180.384963
0.026210 -0.284262 -0.958388 -1364208.841860 -0.963738 -0.261870 0.051315 -1364946.529732 -0.265560 0.922290 -0.280818 -259038.302652
0.018200 -0.291079 -0.956526 -1390449.966992 -0.964420 -0.257476 0.060002 -1367412.624019 -0.263748 0.921401 -0.285408 -265968.924679
0.012347 -0.295418 -0.955288 -1417860.545812 -0.965040 -0.253665 0.065971 -1368815.924506 -0.261812 0.921077 -0.288222 -273888.207015
0.022382 -0.290082 -0.956740 -1447163.973188 -0.964572 -0.257887 0.055626 -1364854.839402 -0.262867 0.921600 -0.285577 -284343.685486
0.070729 -0.286913 -0.955342 -1490095.840227 -0.960078 -0.279436 0.012842 -1343349.197549 -0.270642 0.916295 -0.295223 -296706.283111
0.086885 -0.297005 -0.950915 -1525569.501410 -0.961064 -0.276320 -0.001508 -1337371.453144 -0.262309 0.914021 -0.309449 -303732.387451
0.085458 -0.309666 -0.946997 -1557591.740655 -0.962701 -0.270564 0.001599 -1337943.254830 -0.256719 0.911538 -0.321238 -311600.867326
0.091873 -0.309199 -0.946549 -1588092.624566 -0.963800 -0.266549 -0.006477 -1335735.078789 -0.250299 0.912879 -0.322494 -321830.716465
0.086090 -0.317698 -0.944276 -1613074.969332 -0.965388 -0.260818 -0.000263 -1339857.525007 -0.246200 0.911615 -0.329156 -328508.283332
0.094928 -0.312295 -0.945230 -1639303.515384 -0.962632 -0.270716 -0.007234 -1340399.997445 -0.253630 0.910596 -0.326324 -340017.618296
0.077709 -0.308405 -0.948076 -1660537.186253 -0.963294 -0.268318 0.008326 -1351654.102673 -0.256954 0.912629 -0.317936 -349677.713525
0.760826 0.540574 -0.359059 -2562114.069945 0.163742 0.375478 0.912253 -648691.668136 0.627959 -0.752859 0.197158 -487382.717420
0.167744 -0.436373 -0.883991 -1692925.322104 -0.905298 -0.423154 0.037098 -1375418.585840 -0.390253 0.794052 -0.466029 -340050.428832
-0.530711 -0.061147 -0.845344 -2588497.903517 0.825546 -0.263101 -0.499251 -1727521.628643 -0.191883 -0.962829 0.190110 -242101.117006
-0.526159 0.620827 -0.581146 -2385658.282417 0.745917 0.665109 0.035184 -1376125.542318 0.408369 -0.414974 -0.813039 -1044731.999274
-0.357086 0.597997 -0.717558 -2441001.757284 0.764096 0.628863 0.143835 -1306199.579439 0.537258 -0.496921 -0.681486 -925347.354571
-0.337857 -0.628786 0.700344 700793.406631 0.773615 0.238287 0.587145 216531.911498 -0.536071 0.740167 0.405931 674889.787586
-0.324475 -0.941024 0.095869 -28586.388866 0.561826 -0.110196 0.819883 4283634.548628 -0.760965 0.319893 0.564447 4087467.127585
-0.816510 -0.437117 -0.377147 -3023054.427500 0.519638 -0.271773 -0.810010 -5602135.393049 0.251571 -0.857361 0.449048 2220208.043775
-0.936623 -0.284197 -0.204863 -1973111.646221 0.258755 -0.166956 -0.951405 -1981061.561512 0.236183 -0.944117 0.229913 -260187.368987
-0.908623 0.266471 0.321554 -2649862.264098 -0.386112 -0.242641 -0.889968 -102758.248225 -0.159128 -0.932801 0.323357 -1281336.107399
-0.939094 0.212496 0.270090 -2601203.414750 -0.331726 -0.355176 -0.873961 -168236.648529 -0.089784 -0.910327 0.404035 -1306535.061356
0.662168 0.247206 -0.707406 -2275339.295495 -0.048917 -0.927745 -0.369994 -1381895.401497 -0.747757 0.279602 -0.602231 -751819.736129
0.191346 -0.971426 0.140423 -693738.345865 0.284489 0.191815 0.939294 4504832.252891 -0.939390 -0.139781 0.313063 287058.655296
0.397824 -0.836863 0.376028 997832.054940 0.669709 0.545017 0.504427 2093070.181464 -0.627078 0.051156 0.777275 3390875.612764
-0.879068 0.384012 0.282445 -2635198.304776 -0.370886 -0.178737 -0.911316 1736139.029841 -0.299472 -0.905863 0.299547 -1948279.212580
0.209072 0.459567 0.863184 -4805479.383401 -0.713950 -0.531459 0.455880 -2574430.016082 0.668255 -0.711582 0.216994 -2023780.539814
-0.321753 0.214273 0.922259 -4994401.752472 -0.816894 -0.555296 -0.155980 -636358.686438 0.478705 -0.803575 0.353707 -2239888.709778
-0.169169 0.378261 0.910110 -5058316.355959 -0.749663 -0.648859 0.130335 -1504901.121137 0.639834 -0.660227 0.393335 -2357574.657201
-0.291288 0.350361 0.890168 -4896680.809510 -0.794011 -0.607552 -0.020696 -1128578.497317 0.533572 -0.712831 0.455163 -2593404.233443
-0.485379 0.372477 0.790992 -4501623.612467 -0.774582 -0.602802 -0.191450 -664876.020720 0.405500 -0.705614 0.581101 -2837033.321519
-0.377895 0.384075 0.842426 -4651736.509351 -0.778100 -0.624855 -0.064158 -954499.971859 0.501753 -0.679737 0.534978 -2655867.700186
-0.220961 0.393077 0.892562 -4776479.679197 -0.762305 -0.640453 0.093336 -1365051.521293 0.608332 -0.659781 0.441159 -2418977.332008
-0.180498 0.376542 0.908645 -4734356.023285 -0.757738 -0.642234 0.115620 -1418808.958502 0.627099 -0.667646 0.401243 -2299278.581726
-0.022932 0.348213 0.937135 -4726847.295134 -0.706162 -0.669181 0.231369 -1688738.111097 0.707679 -0.656463 0.261241 -1925873.828606
-0.012857 0.375860 0.926587 -4646634.385791 -0.693156 -0.671227 0.262658 -1746182.933212 0.720673 -0.638893 0.269160 -1925233.072144
-0.185690 0.392141 0.900969 -4596139.647372 -0.751983 -0.646914 0.126581 -1427472.873658 0.632487 -0.654008 0.415009 -2277394.765600
-0.049380 0.346346 0.936806 -4610078.180468 -0.710821 -0.671091 0.210640 -1610137.082687 0.701637 -0.655501 0.279329 -1935962.784848
-0.035413 0.359442 0.932495 -4544782.593780 -0.701032 -0.673938 0.233155 -1644651.373826 0.712250 -0.645453 0.275847 -1907752.274580
-0.036594 0.355589 0.933926 -4494700.149669 -0.696038 -0.679659 0.231505 -1623529.078762 0.717072 -0.641576 0.272374 -1878593.585954
-0.062472 0.357772 0.931717 -4486589.519301 -0.707099 -0.674692 0.211665 -1577569.499837 0.704350 -0.645593 0.295129 -1927583.297290
0.029963 0.321726 0.946359 -4446206.668134 -0.671140 -0.695146 0.257572 -1647671.239652 0.740725 -0.642856 0.195095 -1692374.285613
0.036335 0.338338 0.940323 -4364639.355490 -0.651412 -0.705551 0.279035 -1672796.346271 0.757854 -0.622676 0.194761 -1676692.720114
-0.001545 0.363434 0.931619 -4293922.485424 -0.660736 -0.699661 0.271849 -1641908.203984 0.750617 -0.615134 0.241215 -1752539.308683
0.013891 0.366699 0.930236 -4243801.150664 -0.649800 -0.703785 0.287135 -1654840.346157 0.759978 -0.608456 0.228505 -1711415.640454
0.010369 0.369015 0.929366 -4205370.018175 -0.646273 -0.706742 0.287830 -1637796.271720 0.763035 -0.603609 0.231156 -1697559.152861
0.008031 0.372263 0.928093 -4163466.151752 -0.642397 -0.709351 0.290083 -1624572.740858 0.766330 -0.598533 0.233444 -1684629.653475
0.066936 0.359180 0.930865 -4151895.046824 -0.617662 -0.717783 0.321375 -1677949.451548 0.783590 -0.596471 0.173806 -1575055.389838
0.075800 0.359508 0.930058 -4100309.460456 -0.614343 -0.717842 0.327546 -1668009.195721 0.785390 -0.596202 0.166449 -1548982.676168
0.060858 0.362775 0.929888 -4046862.164893 -0.617592 -0.718188 0.320604 -1634578.560661 0.784141 -0.593802 0.180339 -1556378.133689
0.041136 0.356212 0.933499 -4008145.628585 -0.612756 -0.728973 0.305169 -1589114.017398 0.789200 -0.584561 0.188284 -1551112.369873
0.043249 0.370007 0.928022 -3955126.420567 -0.604575 -0.729814 0.319156 -1592372.048512 0.795373 -0.574862 0.192133 -1544858.012651
0.058692 0.369044 0.927557 -3905824.352961 -0.587405 -0.738510 0.330997 -1589552.489266 0.807162 -0.564279 0.173433 -1501502.640251
0.065880 0.361811 0.929921 -3872445.732646 -0.567924 -0.752674 0.333082 -1580070.739589 0.820440 -0.550068 0.155895 -1462567.632898
0.051943 0.370331 0.927446 -3816650.222197 -0.567153 -0.753459 0.332622 -1556494.052942 0.821973 -0.543282 0.170898 -1462575.780541
0.050372 0.373941 0.926084 -3765371.603063 -0.554773 -0.760570 0.337284 -1538587.260876 0.830476 -0.530756 0.169141 -1441523.817566
0.051149 0.374087 0.925982 -3720535.391198 -0.540337 -0.769400 0.340676 -1522752.812258 0.839893 -0.517767 0.162779 -1415799.852410
0.056226 0.369452 0.927547 -3677882.667521 -0.516590 -0.784230 0.343683 -1505560.505859 0.854385 -0.498485 0.146761 -1377512.245846
0.047381 0.370254 0.927721 -3614470.089938 -0.503186 -0.793465 0.342371 -1473363.145151 0.862878 -0.483038 0.148712 -1365687.127214
0.039144 0.372743 0.927109 -3561115.744867 -0.485511 -0.803842 0.343683 -1446478.986932 0.873354 -0.463574 0.149505 -1347471.056696
0.028906 0.376630 0.925913 -3511482.015885 -0.459801 -0.817472 0.346875 -1417024.452081 0.887551 -0.435762 0.149545 -1328208.364882
0.026330 0.384145 0.922897 -3455379.456538 -0.444339 -0.822504 0.355034 -1391079.063864 0.895471 -0.419428 0.149034 -1311138.435490
0.017354 0.387473 0.921718 -3403518.524205 -0.420686 -0.833457 0.358291 -1361097.239121 0.907040 -0.393972 0.148540 -1291645.216920
0.013804 0.387030 0.921964 -3344663.830508 -0.405678 -0.840587 0.358942 -1331703.835412 0.913912 -0.378975 0.145406 -1275348.361292
-0.005512 0.354804 0.934925 -3312128.053032 -0.382240 -0.864688 0.325895 -1283982.317626 0.924046 -0.355569 0.140387 -1255994.353366
-0.007413 0.348997 0.937095 -3265480.720919 -0.335648 -0.883621 0.326427 -1248106.230326 0.941958 -0.312114 0.123690 -1223056.561143
0.005273 0.345227 0.938505 -3202063.996345 -0.302510 -0.893992 0.330553 -1210827.053124 0.953132 -0.285650 0.099720 -1191827.260371
-0.051046 0.353534 0.934028 -3207192.796685 -0.349900 -0.882299 0.314832 -1215543.000233 0.935395 -0.310745 0.168739 -1241700.490618
-0.058712 0.351057 0.934511 -3158995.320828 -0.326925 -0.891265 0.314272 -1185786.573559 0.943225 -0.287064 0.167097 -1225032.205765
-0.083411 0.350817 0.932722 -3125391.746530 -0.315801 -0.897046 0.309157 -1159296.910699 0.945152 -0.268767 0.185612 -1225669.069734
-0.058196 0.322628 0.944735 -3140087.111878 -0.344563 -0.894676 0.284307 -1144685.886414 0.936958 -0.308975 0.163232 -1221154.857547
-0.069768 0.329894 0.941436 -3110333.694659 -0.344244 -0.893726 0.287664 -1137378.812756 0.936284 -0.304014 0.175918 -1221683.728908
-0.061540 0.312708 0.947854 -3079956.572670 -0.342767 -0.898519 0.274178 -1117943.380932 0.937403 -0.308020 0.162481 -1200077.068222
-0.069021 0.326141 0.942798 -3043793.976828 -0.326610 -0.900357 0.287548 -1118098.046888 0.942636 -0.288080 0.168665 -1193495.516058
-0.061741 0.305813 0.950088 -3014900.538799 -0.323952 -0.906509 0.270734 -1098148.541622 0.944057 -0.291067 0.155038 -1173076.491440
-0.065759 0.307319 0.949332 -2976144.993957 -0.323048 -0.906709 0.271144 -1088261.775931 0.944095 -0.288849 0.158903 -1166458.246507
-0.069471 0.305634 0.949611 -2944160.848759 -0.316410 -0.909512 0.269580 -1077010.322772 0.946075 -0.281739 0.159890 -1153948.116782
-0.079677 0.307507 0.948204 -2905791.400266 -0.309567 -0.911829 0.269697 -1063603.831892 0.947534 -0.272044 0.167846 -1145911.455300
-0.150591 0.318548 0.935868 -2859163.801236 -0.338731 -0.905986 0.253872 -1040879.246001 0.928754 -0.278777 0.244335 -1189525.240448
-0.157387 0.326565 0.931979 -2825140.565413 -0.347954 -0.901557 0.257145 -1038433.446864 0.924207 -0.283814 0.255523 -1181740.132566
-0.167944 0.321216 0.931995 -2788723.231325 -0.350443 -0.903122 0.248115 -1025283.580207 0.921403 -0.284942 0.264242 -1168587.539414
-0.193808 0.330276 0.923773 -2749094.978360 -0.362768 -0.899011 0.245314 -1014367.807263 0.911503 -0.287572 0.294050 -1172230.101217
-0.206089 0.332527 0.920301 -2712801.754138 -0.366797 -0.898169 0.242391 -1004867.668088 0.907187 -0.287609 0.307072 -1162202.443509
-0.217752 0.336184 0.916278 -2675657.536262 -0.376468 -0.895086 0.238941 -993758.161493 0.900475 -0.292919 0.321469 -1153892.676168
-0.215729 0.338884 0.915761 -2641377.162796 -0.383960 -0.891737 0.239543 -986232.870043 0.897795 -0.299939 0.322492 -1136793.711996
-0.229211 0.338769 0.912523 -2608889.410893 -0.381828 -0.893635 0.235848 -976501.441807 0.895360 -0.294368 0.334182 -1128375.549406
