1.000000 0.000000 0.000000 0.000000 0.000000 1.000000 0.000000 0.000000 0.000000 0.000000 1.000000 0.000000
0.999997 0.002241 0.000399 0.448284 -0.002241 0.999997 0.000126 0.036116 -0.000399 -0.000127 1.000000 0.091341
0.999996 0.002992 0.000138 0.916463 -0.002992 0.999995 0.000644 0.028448 -0.000136 -0.000644 1.000000 0.183171
0.999995 0.002819 -0.001074 1.421446 -0.002818 0.999996 0.000905 0.015088 0.001077 -0.000902 0.999999 0.261988
0.999991 0.002139 -0.003599 1.945787 -0.002137 0.999998 0.000566 0.016210 0.003600 -0.000558 0.999993 0.211640
0.999978 0.003425 -0.005646 2.448329 -0.003414 0.999992 0.001932 -0.012895 0.005653 -0.001912 0.999982 0.227875
0.999968 0.003719 -0.007018 2.939222 -0.003703 0.999990 0.002358 -0.024685 0.007027 -0.002332 0.999973 0.268241
0.999945 0.004137 -0.009605 3.447075 -0.004104 0.999986 0.003385 -0.049809 0.009619 -0.003346 0.999948 0.291634
0.999935 0.004093 -0.010632 3.922600 -0.004049 0.999983 0.004145 -0.065293 0.010648 -0.004102 0.999935 0.348850
0.999914 0.004187 -0.012396 4.416408 -0.004135 0.999983 0.004199 -0.064171 0.012414 -0.004147 0.999914 0.387679
0.999883 0.005700 -0.014208 4.915426 -0.005624 0.999970 0.005373 -0.104162 0.014239 -0.005292 0.999885 0.408309
0.999884 0.005119 -0.014362 5.386509 -0.005051 0.999976 0.004763 -0.085908 0.014386 -0.004690 0.999886 0.433813
0.999873 0.005617 -0.014921 5.865878 -0.005539 0.999971 0.005293 -0.103476 0.014950 -0.005209 0.999875 0.452043
0.999797 0.005621 -0.019357 6.418102 -0.005520 0.999971 0.005264 -0.108127 0.019386 -0.005156 0.999799 0.498474
0.999773 0.006949 -0.020153 6.876089 -0.006845 0.999963 0.005195 -0.110786 0.020188 -0.005056 0.999783 0.561586
0.999731 0.007354 -0.021978 7.370590 -0.007234 0.999958 0.005539 -0.122360 0.022018 -0.005378 0.999743 0.591204
0.999698 0.007493 -0.023422 7.854511 -0.007350 0.999954 0.006211 -0.141192 0.023467 -0.006037 0.999706 0.623389
0.999728 0.005677 -0.022615 8.319736 -0.005561 0.999971 0.005160 -0.115869 0.022644 -0.005032 0.999731 0.616761
0.999717 0.005936 -0.023020 8.754031 -0.005809 0.999967 0.005592 -0.129526 0.023052 -0.005457 0.999719 0.627259
0.999689 0.000678 -0.024928 9.248700 -0.000557 0.999988 0.004843 -0.112837 0.024931 -0.004828 0.999678 0.468361
0.999772 0.002535 -0.021217 9.597215 -0.002463 0.999991 0.003426 -0.069436 0.021225 -0.003373 0.999769 0.557991
0.999765 0.002338 -0.021529 10.064948 -0.002251 0.999989 0.004087 -0.082811 0.021538 -0.004037 0.999760 0.558613
0.999643 0.001917 -0.026666 10.609349 -0.001796 0.999988 0.004582 -0.092205 0.026674 -0.004533 0.999634 0.536765
0.999674 0.002717 -0.025370 10.975058 -0.002627 0.999990 0.003589 -0.048949 0.025379 -0.003521 0.999672 0.638699
0.999641 0.003406 -0.026575 11.448904 -0.003284 0.999984 0.004626 -0.093808 0.026590 -0.004537 0.999636 0.642029
0.999606 0.002534 -0.027955 11.923980 -0.002466 0.999994 0.002472 -0.007973 0.027962 -0.002402 0.999606 0.922544
0.999582 0.002457 -0.028794 12.400501 -0.002380 0.999993 0.002714 -0.019865 0.028800 -0.002644 0.999582 0.903399
0.999609 0.001373 -0.027927 12.809093 -0.001351 0.999999 0.000809 0.045830 0.027928 -0.000770 0.999610 1.026209
0.999581 0.002676 -0.028830 13.294000 -0.002563 0.999989 0.003972 -0.070758 0.028840 -0.003896 0.999576 1.025382
0.999521 0.002895 -0.030810 13.783253 -0.002761 0.999986 0.004403 -0.089463 0.030822 -0.004316 0.999516 1.070612
0.999489 0.003406 -0.031789 14.245654 -0.003248 0.999982 0.005022 -0.115117 0.031806 -0.004916 0.999482 1.131328
0.999412 0.001263 -0.034263 14.788200 -0.001233 0.999999 0.000892 0.017099 0.034264 -0.000849 0.999412 1.127379
0.999373 0.001457 -0.035378 15.284086 -0.001442 0.999999 0.000454 0.034426 0.035378 -0.000403 0.999374 1.187838
0.999114 0.001884 -0.042034 16.008133 -0.001818 0.999997 0.001602 -0.016365 0.042037 -0.001524 0.999115 1.050644
0.999026 0.001961 -0.044091 16.521804 -0.001886 0.999997 0.001733 -0.015453 0.044095 -0.001648 0.999026 1.099290
0.998966 0.002190 -0.045415 17.011614 -0.002102 0.999996 0.001991 -0.020794 0.045419 -0.001893 0.998966 1.108397
0.998895 0.002487 -0.046926 17.505792 -0.002387 0.999995 0.002173 -0.042465 0.046931 -0.002059 0.998896 1.193393
0.998789 0.002407 -0.049133 18.031128 -0.002307 0.999995 0.002083 -0.043926 0.049138 -0.001968 0.998790 1.240645
0.998793 0.004448 -0.048909 18.442662 -0.004243 0.999982 0.004287 -0.130592 0.048927 -0.004074 0.998794 1.378366
0.998680 0.006114 -0.050994 18.978395 -0.005768 0.999959 0.006929 -0.239454 0.051034 -0.006626 0.998675 1.457125
0.998672 0.006129 -0.051144 19.400670 -0.005795 0.999961 0.006674 -0.229229 0.051183 -0.006369 0.998669 1.567627
0.998635 0.005882 -0.051892 19.842352 -0.005516 0.999959 0.007191 -0.240013 0.051932 -0.006895 0.998627 1.579774
0.998535 0.005422 -0.053836 20.347142 -0.005100 0.999968 0.006129 -0.206306 0.053868 -0.005846 0.998531 1.709228
0.998467 0.006080 -0.055018 20.815255 -0.005699 0.999959 0.007075 -0.259606 0.055059 -0.006750 0.998460 1.799693
0.998281 0.005830 -0.058319 21.355366 -0.005443 0.999962 0.006795 -0.248837 0.058357 -0.006466 0.998275 1.796210
0.998201 0.006007 -0.059651 21.834466 -0.005573 0.999957 0.007429 -0.281556 0.059693 -0.007083 0.998192 1.859556
0.998127 0.006924 -0.060789 22.281623 -0.006414 0.999943 0.008571 -0.328440 0.060845 -0.008165 0.998114 1.948684
0.998001 0.005464 -0.062959 22.787744 -0.005069 0.999966 0.006428 -0.231250 0.062992 -0.006096 0.997995 1.959969
0.997946 0.005467 -0.063824 23.206229 -0.005086 0.999968 0.006129 -0.217787 0.063856 -0.005792 0.997942 2.089308
0.997846 0.005735 -0.065350 23.707573 -0.005327 0.999965 0.006425 -0.232815 0.065385 -0.006063 0.997842 2.161778
0.997695 0.004403 -0.067714 24.278240 -0.004067 0.999979 0.005104 -0.174411 0.067735 -0.004817 0.997692 2.161821
0.997705 0.004175 -0.067575 24.664014 -0.003892 0.999983 0.004308 -0.134944 0.067592 -0.004035 0.997705 2.296529
0.997670 0.004611 -0.068067 25.093228 -0.004294 0.999979 0.004810 -0.156123 0.068088 -0.004507 0.997669 2.424112
0.997536 0.004160 -0.070040 25.612214 -0.003847 0.999982 0.004598 -0.153651 0.070058 -0.004317 0.997534 2.471032
0.997509 0.006009 -0.070287 26.056521 -0.005523 0.999959 0.007120 -0.276674 0.070327 -0.006714 0.997501 2.451362
0.997354 0.003057 -0.072637 26.518494 -0.002855 0.999992 0.002885 -0.098162 0.072645 -0.002670 0.997354 2.675433
0.997305 0.003774 -0.073273 26.959740 -0.003472 0.999985 0.004246 -0.166159 0.073288 -0.003981 0.997303 2.781654
0.997372 0.003410 -0.072376 27.337367 -0.003122 0.999987 0.004083 -0.170610 0.072389 -0.003846 0.997369 2.846311
0.997140 0.002858 -0.075522 27.839959 -0.002581 0.999990 0.003761 -0.156191 0.075532 -0.003555 0.997137 2.965285
0.997060 0.001994 -0.076602 28.302175 -0.001784 0.999994 0.002808 -0.110451 0.076607 -0.002663 0.997058 3.109912
0.996924 0.001243 -0.078359 28.765846 -0.001063 0.999997 0.002340 -0.095510 0.078361 -0.002249 0.996922 3.158849
0.996875 0.000545 -0.078993 29.182561 -0.000409 0.999998 0.001741 -0.076859 0.078994 -0.001703 0.996874 3.297568
0.997464 0.000058 -0.071179 29.117766 0.000040 0.999999 0.001379 -0.067830 0.071179 -0.001378 0.997463 3.663277
0.997483 0.000215 -0.070900 29.486472 -0.000104 0.999999 0.001572 -0.075288 0.070900 -0.001561 0.997482 3.747292
0.996713 0.002469 -0.080982 30.389987 -0.002219 0.999992 0.003176 -0.138320 0.080989 -0.002986 0.996710 3.504423
0.996555 0.002312 -0.082903 30.887361 -0.002062 0.999993 0.003097 -0.136899 0.082910 -0.002916 0.996553 3.543818
0.996333 0.002935 -0.085511 31.365379 -0.002644 0.999990 0.003526 -0.155951 0.085521 -0.003287 0.996331 3.638612
0.996322 0.003225 -0.085623 31.733863 -0.002966 0.999991 0.003154 -0.135180 0.085633 -0.002888 0.996323 3.749597
0.996269 0.001664 -0.086284 32.162860 -0.001322 0.999991 0.004025 -0.180265 0.086290 -0.003896 0.996262 3.759621
0.996315 0.002099 -0.085739 32.529901 -0.001828 0.999993 0.003237 -0.144811 0.085745 -0.003068 0.996312 3.867609
0.996597 0.003109 -0.082372 32.860386 -0.002760 0.999987 0.004353 -0.202578 0.082384 -0.004111 0.996592 3.870048
0.996147 0.003738 -0.087617 33.359548 -0.003292 0.999981 0.005235 -0.247348 0.087635 -0.004926 0.996140 4.040849
0.996123 0.003569 -0.087904 33.759434 -0.003127 0.999982 0.005176 -0.247821 0.087920 -0.004881 0.996116 4.097852
0.995891 0.008461 -0.090167 34.293863 -0.007893 0.999947 0.006646 -0.351741 0.090219 -0.005907 0.995904 4.109031
0.995662 0.005904 -0.092859 34.781186 -0.005431 0.999971 0.005348 -0.285818 0.092888 -0.004821 0.995665 4.204692
0.995730 0.004678 -0.092196 35.077710 -0.004329 0.999983 0.003982 -0.209044 0.092213 -0.003566 0.995733 4.343416
0.995509 0.005427 -0.094513 35.549489 -0.005058 0.999979 0.004144 -0.232990 0.094533 -0.003647 0.995515 4.401459
0.995634 0.005683 -0.093175 35.733018 -0.005426 0.999981 0.003013 -0.174806 0.093190 -0.002494 0.995645 4.682008
0.994932 0.002297 -0.100528 36.681183 -0.002132 0.999996 0.001750 -0.071899 0.100532 -0.001527 0.994933 4.542994
0.994785 0.002652 -0.101958 37.225982 -0.002433 0.999994 0.002272 -0.103494 0.101963 -0.002012 0.994786 4.478584
0.994644 0.002585 -0.103324 37.692438 -0.002300 0.999993 0.002875 -0.136417 0.103331 -0.002622 0.994644 4.511990
0.994465 0.002209 -0.105044 38.165425 -0.001925 0.999994 0.002800 -0.129310 0.105050 -0.002583 0.994464 4.569287
0.994377 0.001849 -0.105878 38.610052 -0.001592 0.999996 0.002508 -0.116608 0.105882 -0.002325 0.994376 4.625549
0.994253 0.001936 -0.107039 39.072106 -0.001654 0.999995 0.002723 -0.125018 0.107044 -0.002531 0.994251 4.690735
0.994142 0.001353 -0.108073 39.521007 -0.001008 0.999994 0.003241 -0.133305 0.108077 -0.003113 0.994138 4.751810
0.994016 0.002164 -0.109216 39.911733 -0.001868 0.999994 0.002816 -0.134905 0.109222 -0.002595 0.994014 4.909220
0.993788 0.002311 -0.111265 40.334105 -0.002078 0.999995 0.002210 -0.112651 0.111269 -0.001965 0.993788 5.138417
0.993644 0.002320 -0.112541 40.802027 -0.002106 0.999996 0.002018 -0.106840 0.112545 -0.001769 0.993645 5.183891
0.993551 0.002350 -0.113363 41.223437 -0.002140 0.999996 0.001973 -0.109332 0.113367 -0.001717 0.993552 5.270733
0.993182 0.003033 -0.116536 41.912550 -0.002712 0.999992 0.002914 -0.163629 0.116544 -0.002578 0.993182 5.245226
0.993011 0.002564 -0.117990 42.384479 -0.002244 0.999993 0.002852 -0.154234 0.117997 -0.002567 0.993011 5.317498
0.992959 0.004610 -0.118372 42.771086 -0.004297 0.999987 0.002904 -0.204905 0.118384 -0.002375 0.992965 5.401465
0.993285 0.005171 -0.115575 43.041064 -0.004786 0.999982 0.003605 -0.240256 0.115591 -0.003027 0.993292 5.432934
0.993335 0.001187 -0.115261 43.133802 -0.000916 0.999997 0.002402 -0.092283 0.115263 -0.002281 0.993332 5.791805
0.993471 0.001372 -0.114078 43.473428 -0.001246 0.999999 0.001172 -0.052015 0.114080 -0.001022 0.993471 5.837767
0.994572 0.000728 -0.104050 43.651396 -0.000437 0.999996 0.002816 -0.116078 0.104052 -0.002755 0.994568 5.482281
0.993488 0.000121 -0.113932 44.244266 0.000097 0.999998 0.001907 -0.061409 0.113932 -0.001906 0.993487 5.935230
0.993228 -0.000685 -0.116175 44.667324 0.000949 0.999997 0.002224 -0.055416 0.116174 -0.002319 0.993226 6.041898
0.993217 -0.001611 -0.116261 45.066290 0.002005 0.999993 0.003266 -0.075841 0.116255 -0.003477 0.993213 6.089372
0.993041 -0.002257 -0.117744 45.454370 0.002597 0.999993 0.002740 -0.031233 0.117737 -0.003026 0.993040 6.258790
0.993015 -0.001751 -0.117971 45.835923 0.002034 0.999995 0.002276 -0.028262 0.117967 -0.002500 0.993014 6.354897
0.993196 -0.004351 -0.116369 46.289667 0.004590 0.999988 0.001779 0.043951 0.116360 -0.002301 0.993204 6.187734
0.992924 -0.004353 -0.118675 46.639485 0.004729 0.999985 0.002886 0.002101 0.118660 -0.003427 0.992929 6.453789
0.993237 -0.004424 -0.116018 46.989499 0.004997 0.999977 0.004645 -0.068867 0.115995 -0.005193 0.993236 6.414855
0.993231 -0.003838 -0.116089 47.357542 0.004272 0.999985 0.003492 -0.046803 0.116074 -0.003965 0.993233 6.482626
0.992869 -0.004988 -0.119102 47.773612 0.005416 0.999980 0.003267 -0.007521 0.119083 -0.003888 0.992877 6.643657
0.992915 -0.006619 -0.118645 48.138089 0.007161 0.999966 0.004146 0.003854 0.118613 -0.004966 0.992928 6.700311
0.992340 -0.008917 -0.123214 48.541195 0.009675 0.999938 0.005555 0.017424 0.123157 -0.006704 0.992365 7.063873
0.992485 -0.008060 -0.122105 48.970020 0.008626 0.999954 0.004101 0.045447 0.122066 -0.005123 0.992509 6.971866
0.992715 -0.003136 -0.120448 49.318936 0.003286 0.999994 0.001047 0.049857 0.120444 -0.001435 0.992719 6.947687
0.992617 -0.000391 -0.121294 49.681371 0.000209 0.999999 -0.001519 0.069277 0.121294 0.001482 0.992616 7.097779
0.992733 -0.005314 -0.120222 50.064967 0.005662 0.999981 0.002552 0.045433 0.120206 -0.003215 0.992744 7.078208
0.992705 -0.004186 -0.120499 50.412119 0.004360 0.999990 0.001178 0.062452 0.120492 -0.001694 0.992713 7.176102
0.992812 -0.004470 -0.119600 50.820043 0.004720 0.999987 0.001806 0.047196 0.119590 -0.002357 0.992821 7.134574
0.992908 -0.006110 -0.118728 51.249373 0.006617 0.999971 0.003878 0.017280 0.118700 -0.004636 0.992919 7.096729
0.993105 -0.009830 -0.116813 51.687230 0.010904 0.999904 0.008562 -0.038485 0.116718 -0.009777 0.993117 6.995616
0.993050 -0.013571 -0.116909 52.142664 0.015141 0.999807 0.012549 -0.063495 0.116716 -0.014232 0.993063 6.970535
0.993125 -0.011179 -0.116525 52.454385 0.012466 0.999869 0.010318 -0.028388 0.116394 -0.011700 0.993134 7.122721
0.993097 -0.012098 -0.116667 52.893628 0.013618 0.999832 0.012238 -0.043719 0.116499 -0.013743 0.993096 7.127273
0.993210 -0.011360 -0.115782 53.285521 0.013011 0.999824 0.013508 -0.046564 0.115608 -0.014922 0.993183 7.173816
0.993185 -0.009933 -0.116123 53.685741 0.011697 0.999826 0.014527 -0.054667 0.115959 -0.015786 0.993129 7.212000
0.993200 -0.007904 -0.116155 54.086529 0.009707 0.999841 0.014959 -0.054426 0.116018 -0.015985 0.993118 7.263419
0.993061 -0.005925 -0.117448 54.490458 0.008023 0.999816 0.017398 -0.059545 0.117324 -0.018219 0.992927 7.314618
0.993081 -0.006105 -0.117274 54.897769 0.008195 0.999816 0.017349 -0.057371 0.117147 -0.018190 0.992948 7.356891
0.993074 -0.007070 -0.117276 55.303398 0.009049 0.999825 0.016355 -0.048875 0.117140 -0.017303 0.992965 7.396850
0.993062 -0.008201 -0.117302 55.717131 0.010260 0.999803 0.016964 -0.048316 0.117140 -0.018050 0.992951 7.434704
0.993292 -0.007603 -0.115384 56.102042 0.009562 0.999819 0.016435 -0.041320 0.115239 -0.017428 0.993185 7.479625
0.993139 -0.008219 -0.116654 56.520278 0.010122 0.999825 0.015727 -0.035839 0.116504 -0.016800 0.993048 7.524891
0.993091 -0.008149 -0.117060 56.925069 0.009954 0.999840 0.014840 -0.024091 0.116921 -0.015903 0.993014 7.576356
0.992989 -0.008885 -0.117874 57.338900 0.010555 0.999852 0.013552 -0.003185 0.117736 -0.014701 0.992936 7.616467
0.993089 -0.009260 -0.116996 57.741754 0.010919 0.999849 0.013547 -0.001643 0.116853 -0.014731 0.993040 7.653365
0.993198 -0.008522 -0.116128 58.140621 0.010270 0.999843 0.014466 -0.011382 0.115987 -0.015561 0.993129 7.693359
0.993151 -0.006937 -0.116630 58.542303 0.008468 0.999884 0.012633 0.009583 0.116528 -0.013534 0.993095 7.741319
0.993179 -0.005379 -0.116477 58.942087 0.006891 0.999897 0.012588 -0.006147 0.116397 -0.013304 0.993114 7.757425
0.993034 -0.003806 -0.117768 59.356110 0.005306 0.999909 0.012423 -0.003718 0.117710 -0.012962 0.992963 7.818413
0.993021 -0.005040 -0.117833 59.766778 0.006515 0.999905 0.012135 0.004779 0.117761 -0.012818 0.992959 7.864127
0.993694 -0.005275 -0.111998 60.150883 0.006924 0.999873 0.014334 -0.016331 0.111908 -0.015019 0.993605 7.846354
0.993214 -0.004625 -0.116206 60.584133 0.006363 0.999873 0.014592 -0.016895 0.116124 -0.015232 0.993118 7.902845
0.993069 -0.004722 -0.117435 60.996964 0.006387 0.999884 0.013808 -0.013075 0.117356 -0.014463 0.992985 7.968184
0.993002 -0.004661 -0.118009 61.416126 0.006389 0.999878 0.014268 -0.012509 0.117928 -0.014922 0.992910 8.013193
0.992868 -0.003954 -0.119150 61.840176 0.005646 0.999888 0.013867 -0.005414 0.119082 -0.014440 0.992779 8.060360
0.992767 -0.003562 -0.120004 62.256317 0.005325 0.999882 0.014376 -0.001992 0.119939 -0.014911 0.992669 8.115689
0.992745 -0.002647 -0.120212 62.667677 0.004448 0.999882 0.014715 0.001339 0.120159 -0.015143 0.992639 8.173967
0.992824 -0.002163 -0.119562 63.076737 0.004051 0.999871 0.015545 -0.002469 0.119513 -0.015918 0.992705 8.221540
0.992906 -0.001126 -0.118894 63.483448 0.002763 0.999904 0.013610 0.006232 0.118867 -0.013841 0.992814 8.269798
0.992628 -0.001233 -0.121191 63.914281 0.003109 0.999878 0.015292 -0.001348 0.121158 -0.015557 0.992511 8.322323
0.992278 -0.002196 -0.124012 64.339337 0.004138 0.999873 0.015404 0.004219 0.123963 -0.015798 0.992161 8.389666
0.992286 -0.002071 -0.123949 64.746545 0.004108 0.999861 0.016183 0.003935 0.123899 -0.016567 0.992157 8.447066
0.992396 -0.002105 -0.123071 65.146715 0.004400 0.999821 0.018382 -0.003218 0.123011 -0.018784 0.992228 8.509651
0.992016 -0.001775 -0.126103 65.584986 0.004194 0.999812 0.018917 -0.009083 0.126046 -0.019294 0.991837 8.558359
0.992347 -0.003777 -0.123424 65.975440 0.005772 0.999858 0.015807 0.016584 0.123347 -0.016398 0.992228 8.607373
0.991543 -0.006486 -0.129619 66.429518 0.008530 0.999848 0.015216 0.023528 0.129500 -0.016193 0.991447 8.668542
0.991665 -0.005214 -0.128737 66.826854 0.007204 0.999862 0.014997 0.028387 0.128641 -0.015799 0.991565 8.727388
0.991817 -0.003093 -0.127633 67.228605 0.005203 0.999855 0.016207 0.022291 0.127565 -0.016739 0.991689 8.776989
0.991432 -0.002673 -0.130595 67.647931 0.004824 0.999858 0.016153 0.024049 0.130533 -0.016644 0.991304 8.855362
0.991683 -0.000774 -0.128702 68.027150 0.002599 0.999898 0.014009 0.043063 0.128678 -0.014227 0.991584 8.917188
0.991559 -0.001792 -0.129641 68.445703 0.003833 0.999873 0.015492 0.030623 0.129597 -0.015858 0.991440 8.939991
0.991225 -0.000214 -0.132184 68.889679 0.002173 0.999890 0.014680 0.029382 0.132166 -0.014839 0.991116 9.018426
0.991044 -0.000026 -0.133539 69.303941 0.002144 0.999874 0.015714 0.029341 0.133522 -0.015859 0.990919 9.089773
0.990859 -0.000989 -0.134897 69.725638 0.003225 0.999861 0.016355 0.022634 0.134862 -0.016640 0.990725 9.140723
0.990806 -0.001031 -0.135286 70.123824 0.002998 0.999893 0.014332 0.043378 0.135257 -0.014606 0.990703 9.217521
0.990795 0.000196 -0.135370 70.515764 0.001569 0.999915 0.012930 0.057051 0.135361 -0.013023 0.990711 9.274843
0.990576 0.000594 -0.136963 70.916018 0.001020 0.999931 0.011713 0.073868 0.136960 -0.011742 0.990507 9.362413
0.990469 -0.001941 -0.137723 71.315277 0.003692 0.999916 0.012461 0.079590 0.137687 -0.012851 0.990392 9.434821
0.990755 -0.003023 -0.135628 71.705971 0.004821 0.999905 0.012933 0.082231 0.135576 -0.013467 0.990675 9.486137
0.990720 -0.002519 -0.135893 72.088982 0.004279 0.999911 0.012659 0.087224 0.135849 -0.013123 0.990643 9.555118
0.990604 -0.000720 -0.136760 72.468874 0.002390 0.999925 0.012048 0.096479 0.136741 -0.012261 0.990531 9.635937
0.990637 -0.000312 -0.136520 72.849021 0.001846 0.999937 0.011112 0.110342 0.136508 -0.011260 0.990575 9.703455
0.990835 0.000192 -0.135079 73.224293 0.001343 0.999936 0.011276 0.107712 0.135072 -0.011354 0.990771 9.752851
0.991326 0.000664 -0.131428 73.586799 0.000602 0.999954 0.009592 0.120945 0.131428 -0.009588 0.991279 9.799557
0.991681 0.002740 -0.128694 73.936247 -0.001239 0.999930 0.011745 0.120062 0.128717 -0.011488 0.991615 9.873885
0.991441 -0.000244 -0.130555 74.334243 0.001690 0.999938 0.010963 0.125718 0.130544 -0.011090 0.991380 9.916489
0.991365 -0.000249 -0.131131 74.723042 0.001648 0.999943 0.010564 0.124844 0.131121 -0.010689 0.991309 9.958570
0.991670 -0.000050 -0.128805 75.088620 0.001457 0.999940 0.010829 0.125467 0.128796 -0.010927 0.991611 10.004462
0.991738 0.000446 -0.128280 75.471499 0.001110 0.999927 0.012057 0.117967 0.128276 -0.012100 0.991665 10.047867
0.991607 -0.002131 -0.129275 75.863447 0.003633 0.999929 0.011383 0.124946 0.129241 -0.011757 0.991543 10.093025
0.992418 -0.003343 -0.122864 76.197433 0.004400 0.999956 0.008334 0.140921 0.122831 -0.008812 0.992389 10.144218
0.992933 -0.000061 -0.118673 76.542810 0.001159 0.999957 0.009183 0.133470 0.118667 -0.009256 0.992891 10.171346
0.992753 0.000176 -0.120170 76.939279 0.000921 0.999958 0.009078 0.142017 0.120167 -0.009123 0.992712 10.226331
0.992500 -0.002909 -0.122214 77.339277 0.004072 0.999949 0.009272 0.151008 0.122181 -0.009700 0.992460 10.297003
0.992683 -0.007006 -0.120543 77.724110 0.008502 0.999893 0.011901 0.146514 0.120447 -0.012839 0.992637 10.360507
0.992951 -0.003322 -0.118481 78.091262 0.004499 0.999943 0.009666 0.156791 0.118442 -0.010131 0.992909 10.391208
0.992378 -0.002877 -0.123196 78.498165 0.003889 0.999961 0.007972 0.171571 0.123168 -0.008390 0.992350 10.457335
0.992586 -0.004355 -0.121463 78.870482 0.005369 0.999953 0.008029 0.168612 0.121422 -0.008622 0.992564 10.504817
0.992948 -0.003321 -0.118504 79.241863 0.004310 0.999958 0.008097 0.162916 0.118472 -0.008550 0.992921 10.524076
0.992799 -0.004665 -0.119699 79.631733 0.005605 0.999956 0.007519 0.172802 0.119658 -0.008136 0.992782 10.576523
0.992684 -0.006500 -0.120566 80.017391 0.007395 0.999948 0.006979 0.187269 0.120515 -0.007820 0.992681 10.644519
0.993170 -0.004620 -0.116584 80.398286 0.005672 0.999946 0.008693 0.165798 0.116537 -0.009295 0.993143 10.651264
0.992815 -0.006316 -0.119494 80.782964 0.007446 0.999932 0.009009 0.176066 0.119429 -0.009834 0.992794 10.728366
0.992987 -0.006366 -0.118056 81.162876 0.007432 0.999935 0.008593 0.179263 0.117994 -0.009411 0.992970 10.758492
0.993269 -0.005387 -0.115707 81.524929 0.006315 0.999951 0.007661 0.188304 0.115660 -0.008341 0.993254 10.806532
0.993295 -0.006222 -0.115443 81.902952 0.007192 0.999942 0.007987 0.193656 0.115387 -0.008764 0.993282 10.858258
0.993111 -0.006101 -0.117020 82.309016 0.007093 0.999942 0.008063 0.191883 0.116964 -0.008837 0.993097 10.898322
0.992991 -0.006668 -0.118004 82.701149 0.007835 0.999925 0.009423 0.183786 0.117932 -0.010281 0.992968 10.931325
0.993400 -0.005851 -0.114554 83.069349 0.007061 0.999923 0.010166 0.178658 0.114486 -0.010908 0.993365 10.968163
0.993942 -0.004136 -0.109827 83.419516 0.005247 0.999938 0.009825 0.187817 0.109779 -0.010341 0.993902 11.014665
0.994177 0.000095 -0.107761 83.777261 0.001164 0.999932 0.011623 0.168088 0.107755 -0.011681 0.994109 11.051156
0.993990 -0.001546 -0.109459 84.192966 0.002838 0.999928 0.011651 0.162995 0.109433 -0.011892 0.993923 11.075765
0.994150 -0.000341 -0.108004 84.578728 0.001702 0.999920 0.012507 0.144778 0.107991 -0.012618 0.994072 11.093543
0.994027 0.002425 -0.109106 84.964349 -0.001142 0.999930 0.011815 0.135080 0.109126 -0.011620 0.993960 11.141857
0.994205 -0.000371 -0.107497 85.333249 0.001520 0.999943 0.010605 0.159300 0.107487 -0.010707 0.994149 11.185234
0.994225 0.000765 -0.107314 85.696522 0.000238 0.999956 0.009330 0.180378 0.107316 -0.009301 0.994181 11.281831
0.994021 -0.000129 -0.109185 86.123777 0.001070 0.999963 0.008562 0.187205 0.109179 -0.008628 0.993985 11.312971
0.994201 -0.001145 -0.107527 86.476081 0.002063 0.999962 0.008434 0.195067 0.107514 -0.008607 0.994166 11.327804
0.994355 -0.000841 -0.106101 86.846540 0.001793 0.999959 0.008882 0.183590 0.106089 -0.009022 0.994316 11.364493
0.994554 -0.000370 -0.104226 87.225130 0.001334 0.999957 0.009182 0.174851 0.104218 -0.009271 0.994511 11.385186
0.994631 -0.000214 -0.103485 87.608395 0.001245 0.999950 0.009901 0.166220 0.103478 -0.009976 0.994582 11.410515
0.994742 0.000137 -0.102410 87.983320 0.000862 0.999953 0.009707 0.160844 0.102407 -0.009744 0.994695 11.436377
0.994737 0.000838 -0.102453 88.366969 0.000074 0.999960 0.008894 0.165345 0.102456 -0.008854 0.994698 11.467944
0.994869 0.001342 -0.101159 88.755119 -0.000282 0.999945 0.010488 0.151103 0.101168 -0.010406 0.994815 11.496053
0.994832 0.001620 -0.101520 89.138562 -0.000505 0.999939 0.011007 0.149608 0.101532 -0.010898 0.994773 11.540871
0.994873 0.000546 -0.101134 89.542662 0.000766 0.999916 0.012938 0.131848 0.101133 -0.012949 0.994789 11.558941
0.994781 0.000261 -0.102033 89.935907 0.001145 0.999905 0.013721 0.127013 0.102027 -0.013766 0.994686 11.602403
0.994993 0.001485 -0.099929 90.324531 -0.000081 0.999901 0.014044 0.124140 0.099940 -0.013966 0.994895 11.622011
0.995087 0.002835 -0.098961 90.719026 -0.001360 0.999887 0.014971 0.113628 0.098992 -0.014763 0.994979 11.638940
0.994908 0.002665 -0.100753 91.137215 -0.001167 0.999888 0.014932 0.105188 0.100782 -0.014739 0.994799 11.669771
0.995187 0.004010 -0.097917 91.517014 -0.002677 0.999902 0.013741 0.114547 0.097963 -0.013413 0.995100 11.718619
0.995302 0.003800 -0.096745 91.910747 -0.002532 0.999909 0.013231 0.120022 0.096787 -0.012924 0.995221 11.757570
0.994828 0.001919 -0.101560 92.370115 -0.000262 0.999867 0.016329 0.090452 0.101578 -0.016218 0.994695 11.768700
0.994779 0.002369 -0.102023 92.778748 -0.000680 0.999862 0.016590 0.085677 0.102049 -0.016434 0.994644 11.800645
0.995302 0.001791 -0.096803 93.145785 -0.000308 0.999882 0.015334 0.104088 0.096819 -0.015233 0.995185 11.843205
0.995408 0.005986 -0.095538 93.540976 -0.004785 0.999907 0.012796 0.132294 0.095605 -0.012280 0.995344 11.856183
0.995581 0.006856 -0.093659 93.942743 -0.005647 0.999897 0.013170 0.114291 0.093740 -0.012583 0.995517 11.857709
0.996329 0.010202 -0.084996 94.279158 -0.009074 0.999866 0.013637 0.101670 0.085123 -0.012816 0.996288 11.880870
0.996231 0.011026 -0.086038 94.702110 -0.009909 0.999861 0.013405 0.094311 0.086174 -0.012502 0.996202 11.899426
0.995476 0.009463 -0.094541 95.179225 -0.008094 0.999857 0.014853 0.083695 0.094668 -0.014020 0.995410 11.979256
0.995780 0.009398 -0.091286 95.569236 -0.007904 0.999829 0.016711 0.064598 0.091428 -0.015919 0.995684 12.003881
0.995559 0.009880 -0.093622 96.007627 -0.008192 0.999797 0.018401 0.037738 0.093785 -0.017552 0.995438 12.012663
0.995443 0.009408 -0.094894 96.436998 -0.007703 0.999802 0.018324 0.034907 0.095048 -0.017509 0.995319 12.049445
0.995206 0.008865 -0.097394 96.869363 -0.007111 0.999807 0.018339 0.038484 0.097538 -0.017559 0.995077 12.110038
0.995289 0.009136 -0.096519 97.294548 -0.007285 0.999783 0.019514 0.019343 0.096676 -0.018719 0.995140 12.125877
0.995073 0.009360 -0.098704 97.734325 -0.007410 0.999771 0.020099 0.000527 0.098870 -0.019269 0.994914 12.141587
0.995000 0.009673 -0.099401 98.165435 -0.007773 0.999780 0.019482 0.005301 0.099567 -0.018612 0.994857 12.193591
0.994883 0.010131 -0.100525 98.603505 -0.008097 0.999755 0.020621 -0.011127 0.100709 -0.019702 0.994721 12.225170
0.994657 0.010494 -0.102701 99.056300 -0.008394 0.999747 0.020863 -0.023782 0.102894 -0.019889 0.994493 12.254304
0.994446 0.010775 -0.104699 99.491648 -0.008682 0.999754 0.020426 -0.024126 0.104893 -0.019404 0.994294 12.305030
0.994225 0.011121 -0.106740 99.937058 -0.008879 0.999730 0.021454 -0.037004 0.106950 -0.020383 0.994055 12.343274
0.994250 0.011562 -0.106459 100.361100 -0.009332 0.999727 0.021422 -0.038625 0.106678 -0.020305 0.994086 12.396263
0.994303 0.012783 -0.105824 100.780891 -0.010529 0.999706 0.021831 -0.047323 0.106072 -0.020592 0.994145 12.445206
0.994363 0.012999 -0.105233 101.198171 -0.010673 0.999687 0.022636 -0.053409 0.105495 -0.021385 0.994190 12.500020
0.994263 0.013561 -0.106097 101.638952 -0.011205 0.999678 0.022770 -0.064280 0.106371 -0.021451 0.994095 12.532522
0.995228 0.014992 -0.096418 101.962373 -0.012868 0.999661 0.022615 -0.058300 0.096725 -0.021267 0.995084 12.584034
0.995055 0.014059 -0.098328 102.388757 -0.012065 0.999710 0.020850 -0.037608 0.098592 -0.019561 0.994936 12.653429
0.994468 0.012347 -0.104307 102.875893 -0.010308 0.999745 0.020068 -0.040962 0.104528 -0.018882 0.994343 12.692853
0.994516 0.011280 -0.103974 103.298630 -0.009202 0.999749 0.020448 -0.037985 0.104179 -0.019379 0.994370 12.740907
0.994961 0.012408 -0.099493 103.675567 -0.010477 0.999747 0.019908 -0.038474 0.099715 -0.018765 0.994839 12.778876
0.995289 0.016251 -0.095582 104.049227 -0.014367 0.999689 0.020363 -0.058947 0.095883 -0.018894 0.995213 12.807993
0.995150 0.012844 -0.097530 104.507787 -0.011082 0.999766 0.018587 -0.044750 0.097746 -0.017416 0.995059 12.849970
0.995259 0.013661 -0.096298 104.925340 -0.011855 0.999744 0.019295 -0.061781 0.096537 -0.018061 0.995166 12.878204
0.995078 0.011634 -0.098407 105.354210 -0.009552 0.999721 0.021610 -0.087069 0.098631 -0.020564 0.994912 12.932472
0.995601 0.013426 -0.092724 105.720412 -0.011350 0.999674 0.022889 -0.116946 0.093001 -0.021736 0.995429 12.896820
0.995777 0.014409 -0.090662 106.125670 -0.012433 0.999674 0.022321 -0.125024 0.090954 -0.021100 0.995632 12.915475
0.995817 0.014213 -0.090260 106.569058 -0.012088 0.999638 0.024047 -0.146278 0.090569 -0.022855 0.995628 12.940420
0.995740 0.013859 -0.091161 107.003195 -0.011723 0.999645 0.023920 -0.153141 0.091460 -0.022749 0.995549 12.972497
0.995587 0.014258 -0.092756 107.444560 -0.012062 0.999634 0.024195 -0.161473 0.093067 -0.022970 0.995395 13.012533
0.995445 0.010839 -0.094719 107.885379 -0.008539 0.999660 0.024656 -0.162462 0.094954 -0.023735 0.995199 13.058635
0.995525 0.012620 -0.093655 108.310979 -0.010265 0.999620 0.025591 -0.179627 0.093942 -0.024515 0.995276 13.092016
0.995371 0.011342 -0.095435 108.753178 -0.008834 0.999605 0.026661 -0.181253 0.095699 -0.025695 0.995079 13.155719
0.995278 0.010974 -0.096441 109.200247 -0.008417 0.999603 0.026889 -0.192436 0.096698 -0.025950 0.994975 13.187554
0.995124 0.011411 -0.097973 109.638293 -0.008769 0.999587 0.027354 -0.200386 0.098244 -0.026362 0.994813 13.225351
0.995121 0.011831 -0.097954 110.084038 -0.008973 0.999522 0.029572 -0.223636 0.098257 -0.028549 0.994751 13.242721
0.995536 0.011837 -0.093637 110.510792 -0.008964 0.999478 0.031046 -0.241194 0.093956 -0.030068 0.995122 13.251275
0.996055 0.012859 -0.087803 110.902279 -0.010382 0.999537 0.028609 -0.226530 0.088130 -0.027585 0.995727 13.288255
0.995622 0.012623 -0.092619 111.385969 -0.009963 0.999526 0.029132 -0.236698 0.092943 -0.028081 0.995275 13.329707
0.995721 0.013303 -0.091452 111.830459 -0.010670 0.999516 0.029224 -0.248137 0.091797 -0.028124 0.995381 13.347134
0.995447 0.013736 -0.094325 112.330130 -0.010932 0.999485 0.030177 -0.264363 0.094691 -0.029008 0.995084 13.359639
0.995177 0.014170 -0.097069 112.830289 -0.011200 0.999454 0.031074 -0.290713 0.097457 -0.029837 0.994792 13.369527
0.995354 0.014483 -0.095189 113.269030 -0.011472 0.999419 0.032103 -0.304691 0.095598 -0.030862 0.994941 13.404083
0.995323 0.015009 -0.095430 113.749150 -0.012025 0.999423 0.031775 -0.316433 0.095852 -0.030479 0.994929 13.409546
0.995069 0.016745 -0.097757 114.213859 -0.013696 0.999401 0.031777 -0.328304 0.098230 -0.030282 0.994703 13.470763
0.994909 0.017982 -0.099158 114.706957 -0.014766 0.999344 0.033078 -0.362032 0.099687 -0.031445 0.994522 13.495364
0.994561 0.017504 -0.102679 115.207641 -0.014190 0.999357 0.032913 -0.368026 0.103189 -0.031277 0.994170 13.550539
0.994326 0.017138 -0.104985 115.703345 -0.013579 0.999312 0.034519 -0.384245 0.105504 -0.032897 0.993875 13.589545
0.993914 0.015529 -0.109058 116.200076 -0.011877 0.999349 0.034054 -0.377570 0.109516 -0.032551 0.993452 13.677172
0.993680 0.015230 -0.111208 116.691031 -0.011652 0.999395 0.032759 -0.370567 0.111640 -0.031256 0.993257 13.723159
0.993644 0.016515 -0.111354 117.168246 -0.012930 0.999377 0.032840 -0.398552 0.111827 -0.031191 0.993238 13.715265
0.993443 0.016323 -0.113158 117.653988 -0.012709 0.999388 0.032589 -0.404444 0.113621 -0.030937 0.993042 13.780226
0.993789 0.017086 -0.109964 118.125055 -0.013593 0.999381 0.032433 -0.427526 0.110450 -0.030737 0.993406 13.770240
0.993194 0.014280 -0.115594 118.637399 -0.010582 0.999414 0.032538 -0.419041 0.115991 -0.031093 0.992763 13.867361
0.992581 0.012705 -0.120918 119.128186 -0.008883 0.999445 0.032098 -0.401369 0.121258 -0.030786 0.992143 14.001075
0.992529 0.013063 -0.121308 119.617459 -0.008977 0.999376 0.034171 -0.424278 0.121679 -0.032827 0.992027 14.020844
0.992209 0.015137 -0.123662 120.098021 -0.011129 0.999392 0.033035 -0.420508 0.124087 -0.031401 0.991774 14.091512
0.992058 0.016426 -0.124707 120.564957 -0.012411 0.999381 0.032906 -0.419289 0.125170 -0.031097 0.991648 14.176904
0.991894 0.015156 -0.126158 121.034018 -0.011265 0.999440 0.031500 -0.409314 0.126565 -0.029823 0.991510 14.260631
0.991662 0.015149 -0.127969 121.524589 -0.011135 0.999425 0.032018 -0.418768 0.128381 -0.030326 0.991261 14.328257
0.991650 0.015309 -0.128049 121.978432 -0.011249 0.999413 0.032371 -0.424621 0.128470 -0.030660 0.991239 14.398944
0.991543 0.014082 -0.129013 122.435554 -0.010139 0.999463 0.031166 -0.409783 0.129383 -0.029594 0.991153 14.487022
0.991423 0.013534 -0.129991 122.904987 -0.009515 0.999459 0.031484 -0.417744 0.130347 -0.029977 0.991015 14.553381
0.991272 0.014603 -0.131019 123.357968 -0.010377 0.999405 0.032880 -0.421125 0.131421 -0.031233 0.990835 14.633694
0.991138 0.013260 -0.132174 123.821872 -0.009152 0.999457 0.031639 -0.414781 0.132522 -0.030149 0.990721 14.711874
0.991176 0.011952 -0.132012 124.260609 -0.007954 0.999495 0.030767 -0.405395 0.132313 -0.029445 0.990770 14.774659
0.991033 0.011900 -0.133085 124.727082 -0.007866 0.999495 0.030794 -0.403694 0.133384 -0.029471 0.990626 14.855437
0.990627 0.010342 -0.136200 125.209600 -0.006418 0.999552 0.029217 -0.380849 0.136441 -0.028069 0.990250 14.935698
0.990800 0.010773 -0.134904 125.631547 -0.007014 0.999575 0.028310 -0.372106 0.135152 -0.027103 0.990454 15.010348
0.990076 0.013449 -0.139884 126.127210 -0.010136 0.999652 0.024372 -0.314768 0.140164 -0.022712 0.989868 15.233022
0.990118 0.013677 -0.139568 126.563090 -0.010466 0.999664 0.023717 -0.299361 0.139845 -0.022022 0.989928 15.329839
0.989908 0.012904 -0.141120 127.003041 -0.009823 0.999698 0.022507 -0.285420 0.141368 -0.020893 0.989737 15.418598
0.989921 0.011293 -0.141171 127.425521 -0.008349 0.999736 0.021424 -0.273785 0.141376 -0.020030 0.989753 15.536607
0.990281 0.011958 -0.138567 127.822401 -0.008838 0.999694 0.023107 -0.308500 0.138801 -0.021658 0.990084 15.531913
0.990082 0.012705 -0.139917 128.254623 -0.009768 0.999718 0.021653 -0.287522 0.140153 -0.020072 0.989926 15.650327
0.990323 0.011809 -0.138279 128.636034 -0.009339 0.999785 0.018500 -0.249292 0.138468 -0.017030 0.990220 15.752939
0.989895 0.012205 -0.141279 129.083902 -0.009500 0.999759 0.019802 -0.271338 0.141487 -0.018260 0.989772 15.886410
0.990170 0.011739 -0.139373 129.478031 -0.009186 0.999778 0.018944 -0.255507 0.139564 -0.017477 0.990059 15.938891
0.990497 0.012416 -0.136973 129.872231 -0.009786 0.999755 0.019857 -0.279105 0.137186 -0.018328 0.990376 15.960619
0.990323 0.011503 -0.138306 130.278798 -0.009109 0.999798 0.017926 -0.249869 0.138485 -0.016493 0.990227 16.060896
0.990434 0.013135 -0.137358 130.677153 -0.010884 0.999794 0.017123 -0.243155 0.137555 -0.015464 0.990373 16.142743
0.990601 0.013197 -0.136148 131.091322 -0.010759 0.999769 0.018628 -0.271148 0.136362 -0.016988 0.990513 16.164807
0.990580 0.012817 -0.136333 131.510293 -0.010729 0.999814 0.016041 -0.240915 0.136513 -0.014427 0.990533 16.259997
0.990914 0.013865 -0.133778 131.893755 -0.011472 0.999761 0.018635 -0.271557 0.134004 -0.016931 0.990836 16.329386
0.991039 0.013292 -0.132911 132.296696 -0.010930 0.999769 0.018490 -0.270871 0.133126 -0.016871 0.990955 16.380434
0.991181 0.013907 -0.131782 132.696229 -0.011775 0.999787 0.016947 -0.262009 0.131990 -0.015246 0.991134 16.433790
0.991219 0.016271 -0.131227 133.098999 -0.014009 0.999737 0.018146 -0.277767 0.131487 -0.016148 0.991186 16.495507
0.991634 0.017239 -0.127925 133.466214 -0.015386 0.999762 0.015458 -0.259955 0.128161 -0.013361 0.991663 16.547464
0.991284 0.017014 -0.130642 133.906954 -0.015026 0.999756 0.016187 -0.280346 0.130885 -0.014083 0.991297 16.590852
0.991594 0.017690 -0.128175 134.277977 -0.015810 0.999752 0.015671 -0.274433 0.128421 -0.013513 0.991628 16.654563
0.991843 0.018414 -0.126132 134.667181 -0.016257 0.999704 0.018115 -0.305274 0.126428 -0.015917 0.991848 16.681621
0.991741 0.016634 -0.127170 135.109942 -0.014378 0.999723 0.018641 -0.326858 0.127445 -0.016658 0.991706 16.698446
0.992630 0.017385 -0.119933 135.443453 -0.015521 0.999744 0.016462 -0.311441 0.120188 -0.014479 0.992646 16.724460
0.992273 0.017025 -0.122902 135.886659 -0.014960 0.999731 0.017710 -0.327720 0.123171 -0.015734 0.992261 16.795138
0.992849 0.018451 -0.117943 136.265435 -0.016351 0.999691 0.018740 -0.351359 0.118252 -0.016678 0.992844 16.810533
0.992699 0.017331 -0.119364 136.705386 -0.015056 0.999688 0.019933 -0.363500 0.119672 -0.017990 0.992650 16.856997
0.993085 0.019434 -0.115780 137.084492 -0.017098 0.999630 0.021134 -0.390351 0.116147 -0.019009 0.993050 16.881955
0.992672 0.018857 -0.119359 137.558937 -0.016407 0.999635 0.021470 -0.405856 0.119720 -0.019354 0.992619 16.921624
0.992550 0.018419 -0.120435 137.996767 -0.015839 0.999625 0.022346 -0.422850 0.120801 -0.020272 0.992470 16.973665
0.992658 0.018480 -0.119539 138.427941 -0.015821 0.999607 0.023159 -0.443746 0.119920 -0.021098 0.992559 16.992773
0.992783 0.019190 -0.118383 138.873879 -0.016228 0.999532 0.025928 -0.500795 0.118825 -0.023820 0.992629 16.941497
0.992571 0.018809 -0.120201 139.370635 -0.015680 0.999514 0.026925 -0.519856 0.120649 -0.024841 0.992384 16.938952
0.992718 0.019035 -0.118945 139.801407 -0.015869 0.999496 0.027508 -0.545993 0.119409 -0.025420 0.992520 16.971773
0.992725 0.018535 -0.118965 140.266067 -0.015211 0.999470 0.028790 -0.580523 0.119435 -0.026771 0.992481 16.987888
0.992490 0.018374 -0.120940 140.751994 -0.014856 0.999442 0.029924 -0.611116 0.121423 -0.027903 0.992209 17.019312
0.992130 0.018730 -0.123802 141.258766 -0.014867 0.999376 0.032054 -0.649996 0.124325 -0.029961 0.991789 17.034168
0.992087 0.019482 -0.124030 141.729470 -0.015646 0.999371 0.031827 -0.663043 0.124572 -0.029634 0.991768 17.077165
0.991542 0.020850 -0.128103 142.261544 -0.016366 0.999219 0.035961 -0.727250 0.128753 -0.033560 0.991109 17.105899
0.991253 0.019946 -0.130459 142.719030 -0.015651 0.999304 0.033866 -0.706737 0.131044 -0.031528 0.990875 17.203552
0.991697 0.021015 -0.126871 143.135602 -0.017181 0.999364 0.031235 -0.678913 0.127447 -0.028796 0.991427 17.245499
0.991027 0.021168 -0.131975 143.674697 -0.016909 0.999302 0.033310 -0.719153 0.132588 -0.030780 0.990693 17.307679
0.991194 0.019818 -0.130923 144.164174 -0.015405 0.999282 0.034628 -0.737888 0.131516 -0.032306 0.990788 17.369320
0.990712 0.020831 -0.134371 144.692132 -0.016113 0.999218 0.036106 -0.770043 0.135018 -0.033606 0.990273 17.409479
0.990652 0.021144 -0.134763 145.155396 -0.016497 0.999233 0.035506 -0.768284 0.135411 -0.032951 0.990241 17.478223
0.990666 0.022359 -0.134469 145.628793 -0.017982 0.999271 0.033676 -0.764884 0.135123 -0.030943 0.990345 17.534775
0.991177 0.023484 -0.130449 146.071402 -0.019191 0.999235 0.034066 -0.779543 0.131149 -0.031262 0.990870 17.581661
0.990597 0.021934 -0.135042 146.597835 -0.017542 0.999281 0.033625 -0.783189 0.135682 -0.030940 0.990269 17.651232
0.990442 0.021726 -0.136207 147.097501 -0.017202 0.999263 0.034305 -0.799814 0.136852 -0.031634 0.990086 17.699719
0.989729 0.020865 -0.141426 147.631621 -0.016290 0.999308 0.033426 -0.803113 0.142025 -0.030779 0.989384 17.769120
0.989047 0.019156 -0.146353 148.158661 -0.014514 0.999359 0.032717 -0.801442 0.146886 -0.030234 0.988691 17.846317
0.989519 0.021263 -0.142826 148.615267 -0.016622 0.999297 0.033610 -0.828659 0.143440 -0.030884 0.989177 17.890848
0.989140 0.021851 -0.145341 149.122300 -0.017143 0.999290 0.033564 -0.833852 0.145971 -0.030708 0.988812 17.970867
0.988171 0.019566 -0.152103 149.657147 -0.014584 0.999322 0.033802 -0.828989 0.152661 -0.031184 0.987787 18.100393
0.987972 0.019695 -0.153374 150.150583 -0.014825 0.999351 0.032827 -0.830469 0.153921 -0.030158 0.987623 18.173344
0.987047 0.017126 -0.159515 150.672963 -0.011620 0.999306 0.035391 -0.841203 0.160011 -0.033079 0.986561 18.304834
0.987013 0.018661 -0.159554 151.152024 -0.012961 0.999243 0.036688 -0.859234 0.160118 -0.034143 0.986507 18.374829
0.986341 0.017538 -0.163777 151.648375 -0.011544 0.999231 0.037479 -0.856248 0.164309 -0.035077 0.985785 18.498061
