1.000000 0.000000 0.000000 0.000000 0.000000 1.000000 0.000000 0.000000 0.000000 0.000000 1.000000 0.000000
0.999855 -0.000823 -0.017002 -0.064774 0.000830 1.000000 0.000433 0.072742 0.017002 -0.000447 0.999855 0.490249
0.999447 -0.001774 -0.033208 -0.163344 0.001828 0.999997 0.001609 0.124751 0.033205 -0.001669 0.999447 0.979204
0.998800 -0.002549 -0.048909 -0.278981 0.002720 0.999990 0.003435 0.168460 0.048900 -0.003564 0.998797 1.457453
0.997895 -0.003028 -0.064775 -0.381094 0.003352 0.999982 0.004901 0.214428 0.064759 -0.005108 0.997888 1.943305
0.996798 -0.003737 -0.079874 -0.512781 0.004212 0.999974 0.005787 0.244636 0.079850 -0.006105 0.996788 2.418373
0.995443 -0.005298 -0.095212 -0.626316 0.005827 0.999969 0.005281 0.319367 0.095181 -0.005812 0.995443 2.906271
0.993846 -0.007999 -0.110477 -0.749477 0.008663 0.999947 0.005534 0.348627 0.110427 -0.006457 0.993863 3.384441
0.992020 -0.012284 -0.125483 -0.901949 0.013186 0.999893 0.006361 0.393814 0.125391 -0.007965 0.992075 3.875506
0.989915 -0.017744 -0.140546 -1.043291 0.019002 0.999790 0.007614 0.441306 0.140381 -0.010208 0.990045 4.360821
0.987644 -0.023994 -0.154866 -1.199054 0.025735 0.999626 0.009247 0.491289 0.154586 -0.013118 0.987892 4.839822
0.985146 -0.029924 -0.169094 -1.343979 0.032223 0.999422 0.010866 0.545382 0.168671 -0.016153 0.985540 5.325382
0.982514 -0.034571 -0.182952 -1.512546 0.037475 0.999220 0.012440 0.612606 0.182379 -0.019079 0.983043 5.809297
0.979651 -0.037391 -0.197193 -1.691460 0.041179 0.999037 0.015139 0.666143 0.196438 -0.022951 0.980248 6.284694
0.976411 -0.038104 -0.212533 -1.861782 0.043373 0.998855 0.020185 0.719714 0.211520 -0.028927 0.976945 6.804392
0.972874 -0.037127 -0.228338 -2.038699 0.044087 0.998703 0.025454 0.788335 0.227097 -0.034830 0.973249 7.313649
0.968843 -0.035818 -0.245072 -2.204312 0.044855 0.998500 0.031388 0.799493 0.243580 -0.041402 0.968997 7.852081
0.964652 -0.036354 -0.261007 -2.416763 0.047254 0.998248 0.035607 0.827772 0.259255 -0.046682 0.964680 8.406665
0.960018 -0.039524 -0.277135 -2.607318 0.052131 0.997907 0.038266 0.871378 0.275043 -0.051184 0.960069 8.908869
0.955002 -0.043233 -0.293432 -2.786960 0.057364 0.997563 0.039723 0.922307 0.290999 -0.054768 0.955154 9.397864
0.949849 -0.047815 -0.309030 -2.994489 0.064085 0.997030 0.042709 0.933360 0.306070 -0.060371 0.950093 9.882894
0.944503 -0.052491 -0.324283 -3.223502 0.070701 0.996499 0.044621 0.985393 0.320805 -0.065072 0.944907 10.364480
0.938446 -0.055180 -0.340991 -3.402278 0.075280 0.996101 0.045988 1.035611 0.337124 -0.068827 0.938941 10.870599
0.932303 -0.058384 -0.356934 -3.642623 0.080569 0.995612 0.047593 1.057621 0.352590 -0.073129 0.932916 11.396183
0.925811 -0.059216 -0.373319 -3.876925 0.085305 0.994905 0.053740 0.889905 0.368234 -0.081599 0.926145 11.857184
0.917527 -0.059333 -0.393221 -3.974082 0.085777 0.995059 0.050005 1.039587 0.388311 -0.079610 0.918083 12.386325
0.910879 -0.059241 -0.408399 -4.235136 0.086820 0.995003 0.049308 1.145865 0.403437 -0.080371 0.911471 12.800117
0.903628 -0.058110 -0.424359 -4.483584 0.087474 0.994910 0.050026 1.199102 0.419292 -0.082325 0.904111 13.303641
0.896340 -0.060590 -0.439208 -4.747203 0.092439 0.994387 0.051473 1.265756 0.433624 -0.086738 0.896910 13.781018
0.888625 -0.061028 -0.454556 -5.042339 0.099385 0.993181 0.060947 1.075994 0.447737 -0.099335 0.888630 14.483371
0.882175 -0.066660 -0.466180 -5.408472 0.104889 0.992877 0.056512 1.309852 0.459092 -0.098750 0.882883 14.946435
0.874923 -0.066323 -0.479699 -5.726824 0.106294 0.992722 0.056616 1.360862 0.472453 -0.100524 0.875604 15.455769
0.867067 -0.066455 -0.493740 -6.064419 0.107512 0.992671 0.055194 1.363864 0.486453 -0.100940 0.867856 16.045995
0.859616 -0.068563 -0.506320 -6.393212 0.109055 0.992741 0.050720 1.431961 0.499167 -0.098816 0.860853 16.526613
0.852983 -0.068802 -0.517385 -6.745759 0.108790 0.992938 0.047315 1.507551 0.510476 -0.096645 0.854444 16.952761
0.845940 -0.070795 -0.528559 -7.100381 0.110176 0.992967 0.043335 1.607814 0.521773 -0.094893 0.847790 17.442905
0.838540 -0.074816 -0.539679 -7.455314 0.112412 0.992972 0.037007 1.749412 0.533117 -0.091698 0.841057 17.985718
0.831053 -0.087125 -0.549327 -7.900494 0.127173 0.991257 0.035177 1.641474 0.541459 -0.099093 0.834867 18.457596
0.823917 -0.092167 -0.559165 -8.325496 0.131989 0.990761 0.031177 1.794785 0.551126 -0.099491 0.828470 18.964473
0.816799 -0.094979 -0.569050 -8.815900 0.134192 0.990580 0.027281 1.995824 0.561098 -0.098645 0.821850 19.646469
0.810279 -0.091507 -0.578856 -9.188152 0.132441 0.990773 0.028766 2.057305 0.570883 -0.099973 0.814922 20.153849
0.803530 -0.088697 -0.588620 -9.555972 0.131383 0.990876 0.030040 2.172382 0.580585 -0.101473 0.807852 20.686636
0.797337 -0.087892 -0.597101 -10.033401 0.133160 0.990578 0.032003 2.224343 0.588662 -0.105027 0.801528 21.195159
0.791076 -0.087122 -0.605482 -10.480293 0.134328 0.990387 0.032998 2.299077 0.596787 -0.107437 0.795175 21.743748
0.785396 -0.086687 -0.612894 -10.899468 0.135403 0.990226 0.033457 2.371422 0.604003 -0.109264 0.789457 22.235897
0.779465 -0.083775 -0.620819 -11.321228 0.133115 0.990535 0.033466 2.477297 0.612139 -0.108726 0.783239 22.825458
0.774686 -0.079434 -0.627337 -11.510288 0.129053 0.991059 0.033876 2.589386 0.619037 -0.107203 0.778011 23.071231
0.769479 -0.077931 -0.633900 -11.917730 0.128418 0.991136 0.034036 2.686848 0.625629 -0.107594 0.772666 23.565941
0.764886 -0.077137 -0.639531 -12.347722 0.129086 0.991021 0.034856 2.758681 0.631100 -0.109215 0.767975 24.062195
0.760109 -0.077477 -0.645160 -12.780706 0.131604 0.990645 0.036086 2.847714 0.636329 -0.112335 0.763194 24.532546
0.755339 -0.080402 -0.650383 -13.263591 0.136339 0.990010 0.035954 2.928012 0.640995 -0.115830 0.758755 25.022314
0.751186 -0.082095 -0.654966 -13.592514 0.138608 0.989732 0.034915 3.038715 0.645374 -0.117011 0.754852 25.351112
0.747056 -0.082600 -0.659609 -14.037278 0.139330 0.989667 0.033869 3.119627 0.649996 -0.117206 0.750845 25.828497
0.743301 -0.082172 -0.663891 -14.450878 0.138949 0.989747 0.033065 3.205360 0.654367 -0.116824 0.747098 26.255867
0.739408 -0.081987 -0.668247 -14.925329 0.138737 0.989810 0.032071 3.312806 0.658808 -0.116424 0.743248 26.740859
0.735362 -0.082869 -0.672589 -15.379078 0.139427 0.989763 0.030492 3.470312 0.663176 -0.116200 0.739388 27.201488
0.731228 -0.083518 -0.677001 -15.823503 0.140239 0.989682 0.029380 3.565861 0.667562 -0.116425 0.735395 27.638344
0.727717 -0.082430 -0.680906 -16.279142 0.139382 0.989810 0.029138 3.688518 0.671565 -0.116110 0.731791 28.081354
0.724504 -0.081933 -0.684384 -16.779335 0.139141 0.989854 0.028795 3.807876 0.675081 -0.116088 0.728553 28.588242
0.721424 -0.080449 -0.687805 -17.250938 0.138173 0.989980 0.029134 3.905111 0.678569 -0.116054 0.725311 29.053952
0.718618 -0.080183 -0.690766 -17.708201 0.137326 0.990132 0.027930 4.017038 0.681710 -0.114931 0.722538 29.509918
0.715458 -0.081356 -0.693903 -18.216028 0.138301 0.990035 0.026521 4.131818 0.684831 -0.114942 0.719580 30.016014
0.712785 -0.082988 -0.696456 -18.707867 0.140123 0.989807 0.025465 4.209508 0.687244 -0.115740 0.717147 30.483808
0.709775 -0.086625 -0.699082 -19.244540 0.145161 0.989097 0.024821 4.249406 0.689310 -0.119097 0.714611 30.993670
0.707212 -0.088264 -0.701470 -19.693402 0.147006 0.988850 0.023784 4.338066 0.691549 -0.119941 0.712302 31.400768
0.705243 -0.090045 -0.703224 -20.113063 0.148665 0.988632 0.022501 4.493350 0.693203 -0.120413 0.710612 31.732464
0.703565 -0.087591 -0.705212 -20.606345 0.145986 0.989024 0.022803 4.584248 0.695474 -0.118995 0.708629 32.205601
0.701680 -0.087750 -0.707068 -21.107273 0.146579 0.988938 0.022731 4.687055 0.697252 -0.119591 0.706780 32.667476
0.700440 -0.087446 -0.708334 -21.649015 0.146415 0.988963 0.022693 4.771485 0.698531 -0.119606 0.705513 33.178464
0.698673 -0.089676 -0.709799 -22.170594 0.149221 0.988559 0.021988 4.879352 0.699707 -0.121279 0.704061 33.635030
0.697027 -0.090298 -0.711337 -22.698884 0.150307 0.988399 0.021816 4.946327 0.701114 -0.122125 0.702513 34.177729
0.695616 -0.092319 -0.712457 -23.250527 0.153147 0.987969 0.021507 5.048467 0.701900 -0.124071 0.701386 34.657587
0.694172 -0.090540 -0.714092 -23.820956 0.149870 0.988496 0.020358 5.204435 0.704034 -0.121153 0.699756 35.269647
0.692871 -0.091941 -0.715176 -24.261838 0.151687 0.988228 0.019912 5.307201 0.704926 -0.122279 0.698661 35.648688
0.691097 -0.092581 -0.716807 -24.491775 0.153087 0.988011 0.019986 5.370311 0.706363 -0.123546 0.696985 35.928623
0.689463 -0.094865 -0.718082 -24.976935 0.154768 0.987785 0.018104 5.533998 0.707593 -0.123618 0.695723 36.396504
0.688073 -0.095009 -0.719394 -25.408514 0.154529 0.987836 0.017339 5.669565 0.708997 -0.123097 0.694385 36.808009
0.687011 -0.094330 -0.720499 -25.914746 0.153793 0.987952 0.017299 5.753040 0.710186 -0.122692 0.693241 37.242454
0.686048 -0.094133 -0.721441 -26.469347 0.153529 0.987996 0.017084 5.835238 0.711173 -0.122483 0.692265 37.756226
0.685108 -0.094449 -0.722293 -26.944302 0.152427 0.988195 0.015360 5.981212 0.712316 -0.120620 0.691417 38.156280
0.684072 -0.097403 -0.722882 -27.426810 0.155893 0.987668 0.014443 6.075585 0.712561 -0.122573 0.690821 38.520306
0.683011 -0.096933 -0.723947 -27.967390 0.154447 0.987910 0.013437 6.183347 0.713892 -0.120990 0.689724 39.030758
0.681824 -0.097324 -0.725013 -28.418808 0.154825 0.987856 0.012995 6.290793 0.714944 -0.121111 0.688612 39.453626
0.680785 -0.097664 -0.725943 -28.898285 0.155380 0.987772 0.012825 6.418827 0.715813 -0.121528 0.687635 39.855488
0.679954 -0.095712 -0.726982 -29.515440 0.152764 0.988180 0.012781 6.537154 0.717165 -0.119747 0.686538 40.439596
0.678941 -0.094474 -0.728089 -30.042086 0.151417 0.988385 0.012947 6.640850 0.718410 -0.119036 0.685360 40.904288
0.677834 -0.095451 -0.728992 -30.575299 0.153553 0.988049 0.013407 6.744750 0.719001 -0.121027 0.684391 41.310981
0.677536 -0.094196 -0.729432 -30.890778 0.150252 0.988576 0.011902 7.000241 0.719978 -0.117663 0.683949 41.513092
0.676258 -0.093791 -0.730670 -31.592688 0.149239 0.988738 0.011208 7.076397 0.721389 -0.116624 0.682639 42.216319
0.675178 -0.094229 -0.731612 -32.243099 0.148847 0.988810 0.010010 7.205444 0.722482 -0.115657 0.681648 42.811791
0.674311 -0.094124 -0.732425 -32.931975 0.148710 0.988832 0.009836 7.240670 0.723319 -0.115552 0.680777 43.483399
0.673537 -0.094275 -0.733116 -33.463127 0.148255 0.988908 0.009038 7.368604 0.724133 -0.114776 0.680043 43.944043
0.672613 -0.095406 -0.733819 -33.981200 0.150595 0.988550 0.009510 7.468684 0.724509 -0.116906 0.679279 44.331473
0.671821 -0.094715 -0.734633 -34.495427 0.149496 0.988719 0.009240 7.601564 0.725471 -0.116033 0.678402 44.748493
0.671152 -0.092747 -0.735496 -35.014779 0.146714 0.989137 0.009148 7.747126 0.726657 -0.114047 0.677468 45.179379
0.670179 -0.091775 -0.736503 -35.669513 0.146916 0.989094 0.010435 7.811964 0.727513 -0.115197 0.676353 45.805498
0.669358 -0.091213 -0.737320 -36.254857 0.147454 0.989002 0.011515 7.878846 0.728160 -0.116428 0.675446 46.298250
0.668289 -0.090867 -0.738331 -36.823625 0.147588 0.988978 0.011873 8.002093 0.729114 -0.116904 0.674333 46.774552
0.667430 -0.087967 -0.739459 -37.429662 0.143018 0.989655 0.011356 8.146818 0.730810 -0.113336 0.673106 47.372459
0.666668 -0.087831 -0.740162 -37.954913 0.142434 0.989745 0.010844 8.283473 0.731619 -0.112654 0.672341 47.786214
0.666095 -0.088801 -0.740562 -38.530544 0.143302 0.989626 0.010226 8.379364 0.731971 -0.112936 0.671910 48.259590
0.665128 -0.090636 -0.741209 -39.135719 0.143543 0.989613 0.007798 8.457692 0.732803 -0.111582 0.671229 48.800504
0.664967 -0.092371 -0.741138 -39.592961 0.142742 0.989749 0.004715 8.700441 0.733105 -0.108926 0.671336 49.063203
0.664392 -0.094180 -0.741427 -40.154215 0.143855 0.989594 0.003204 8.825265 0.733409 -0.108787 0.671026 49.489076
0.664083 -0.094612 -0.741649 -40.652382 0.143479 0.989651 0.002223 8.978946 0.733763 -0.107888 0.670785 49.871694
0.663389 -0.094612 -0.742269 -41.292629 0.143506 0.989647 0.002113 9.069150 0.734385 -0.107922 0.670099 50.413647
0.663108 -0.093817 -0.742621 -41.826540 0.142676 0.989767 0.002361 9.215303 0.734800 -0.107520 0.669708 50.810778
0.662408 -0.094636 -0.743142 -42.354913 0.144593 0.989487 0.002878 9.373403 0.735057 -0.109359 0.669128 51.157267
0.661695 -0.095498 -0.743667 -42.926187 0.145439 0.989364 0.002359 9.493438 0.735532 -0.109719 0.668547 51.629145
0.660411 -0.094524 -0.744931 -43.775549 0.145772 0.989311 0.003700 9.375958 0.736619 -0.111034 0.667131 52.540986
0.661472 -0.093670 -0.744097 -43.958779 0.140417 0.990092 0.000187 9.730473 0.736707 -0.104608 0.668072 52.466550
0.660548 -0.095811 -0.744645 -44.513237 0.143208 0.989693 -0.000306 9.805609 0.736999 -0.106437 0.667460 52.922810
0.660380 -0.095255 -0.744866 -45.063643 0.140905 0.990022 -0.001684 9.952113 0.737593 -0.103844 0.667212 53.385263
0.659646 -0.096105 -0.745407 -45.522735 0.142144 0.989844 -0.001831 9.995497 0.738012 -0.104747 0.666607 53.779898
0.658588 -0.095022 -0.746480 -46.039847 0.141230 0.989976 -0.001416 10.007382 0.739132 -0.104493 0.665406 54.353921
0.657981 -0.095393 -0.746968 -46.567368 0.141919 0.989877 -0.001402 10.101477 0.739540 -0.105086 0.664858 54.771484
0.654396 -0.095622 -0.750081 -46.211832 0.143966 0.989583 -0.000554 10.139124 0.742320 -0.107624 0.661346 55.063468
0.653884 -0.095923 -0.750489 -46.723075 0.145011 0.989430 -0.000119 10.210652 0.742568 -0.108751 0.660882 55.498344
0.653043 -0.097426 -0.751028 -46.981217 0.147769 0.989022 0.000190 10.253035 0.742764 -0.111103 0.660271 55.746444
0.652644 -0.098166 -0.751278 -47.455378 0.148323 0.988939 -0.000370 10.339490 0.743004 -0.111191 0.659986 56.130484
0.652175 -0.098605 -0.751628 -47.908745 0.148897 0.988853 -0.000532 10.421963 0.743302 -0.111568 0.659587 56.506161
0.650349 -0.099353 -0.753110 -48.664756 0.151154 0.988510 0.000121 10.474314 0.744445 -0.113914 0.657894 57.352470
0.648985 -0.101793 -0.753961 -48.951016 0.156750 0.987637 0.001584 10.433781 0.744478 -0.119211 0.656918 57.637755
0.650096 -0.099955 -0.753249 -49.558005 0.152062 0.988371 0.000083 10.617468 0.744482 -0.114594 0.657735 57.927716
0.649282 -0.100776 -0.753842 -50.009149 0.153224 0.988191 -0.000133 10.730249 0.744953 -0.115420 0.657056 58.360167
0.648804 -0.100944 -0.754231 -50.490974 0.153692 0.988119 -0.000039 10.830671 0.745273 -0.115894 0.656610 58.766789
0.648440 -0.100984 -0.754538 -50.959318 0.154425 0.988004 0.000480 10.911272 0.745439 -0.116831 0.656256 59.157999
0.648393 -0.101323 -0.754533 -51.539488 0.153827 0.988098 -0.000498 10.994774 0.745602 -0.115745 0.656262 59.603121
0.648280 -0.101253 -0.754639 -52.115795 0.154067 0.988060 -0.000220 11.072424 0.745651 -0.116122 0.656140 60.011436
0.647557 -0.100056 -0.755419 -52.569076 0.152928 0.988237 0.000200 11.153942 0.746513 -0.115654 0.655242 60.418815
0.647201 -0.098352 -0.755949 -53.123646 0.151083 0.988521 0.000738 11.262118 0.747198 -0.114689 0.654631 60.887317
0.646111 -0.098973 -0.756799 -53.524561 0.152980 0.988228 0.001366 11.373066 0.747755 -0.116658 0.653646 61.316755
0.645320 -0.100263 -0.757304 -54.017616 0.155896 0.987771 0.002067 11.477954 0.747836 -0.119394 0.653060 61.743953
0.645508 -0.100562 -0.757104 -54.381264 0.157225 0.987559 0.002879 11.491658 0.747395 -0.120894 0.653288 61.956392
0.645337 -0.100821 -0.757216 -54.977719 0.156525 0.987672 0.001893 11.622744 0.747690 -0.119745 0.653162 62.425047
0.644836 -0.100783 -0.757647 -55.662423 0.156398 0.987693 0.001727 11.721912 0.748149 -0.119608 0.652662 63.032862
0.645175 -0.101799 -0.757223 -56.253280 0.157001 0.987598 0.000999 11.845104 0.747730 -0.119529 0.653156 63.417365
0.644856 -0.102068 -0.757458 -56.697277 0.156007 0.987756 -0.000285 11.936332 0.748213 -0.117985 0.652884 63.798539
0.643301 -0.103813 -0.758543 -57.191934 0.157898 0.987455 -0.001233 11.999224 0.749155 -0.118979 0.651622 64.273481
0.642703 -0.104805 -0.758913 -57.665829 0.159409 0.987212 -0.001334 12.089446 0.749348 -0.120120 0.651190 64.665214
0.642485 -0.105634 -0.758983 -58.064442 0.160814 0.986984 -0.001237 12.159365 0.749235 -0.121260 0.651109 65.001700
0.641517 -0.108762 -0.759359 -58.671292 0.164020 0.986453 -0.002722 12.266702 0.749368 -0.122804 0.650666 65.517082
0.641547 -0.110675 -0.759057 -59.272167 0.166487 0.986039 -0.003058 12.371468 0.748798 -0.124411 0.651017 65.870008
0.641868 -0.108813 -0.759056 -59.765683 0.163798 0.986490 -0.002907 12.409283 0.749117 -0.122466 0.651019 66.263224
0.641407 -0.108460 -0.759495 -60.200866 0.163846 0.986483 -0.002504 12.462543 0.749501 -0.122834 0.650508 66.653598
0.641538 -0.108259 -0.759413 -60.839920 0.163484 0.986543 -0.002529 12.568853 0.749467 -0.122530 0.650604 67.098482
0.641363 -0.107680 -0.759644 -61.440721 0.162911 0.986638 -0.002312 12.663779 0.749742 -0.122272 0.650335 67.555536
0.640815 -0.107984 -0.760063 -61.868454 0.164647 0.986352 -0.001318 12.737020 0.749832 -0.124297 0.649848 67.859792
0.640512 -0.106983 -0.760459 -62.385141 0.164894 0.986311 0.000129 12.815936 0.750036 -0.125478 0.649385 68.254668
0.640464 -0.106172 -0.760614 -62.936750 0.164328 0.986406 0.000680 12.906189 0.750202 -0.125425 0.649204 68.691969
0.641132 -0.106148 -0.760054 -63.538616 0.163997 0.986461 0.000569 12.981861 0.749703 -0.125011 0.649860 69.080917
0.640309 -0.108267 -0.760449 -64.021106 0.165074 0.986280 -0.001423 13.074726 0.750170 -0.124619 0.649396 69.495589
0.639215 -0.110924 -0.760986 -64.597533 0.166070 0.986105 -0.004243 13.167851 0.750883 -0.123665 0.648754 70.069888
0.638914 -0.113124 -0.760915 -65.179644 0.164399 0.986356 -0.008599 13.385286 0.751506 -0.119600 0.648794 70.563693
0.638128 -0.116840 -0.761013 -65.706250 0.167456 0.985819 -0.010938 13.426181 0.751499 -0.120456 0.648644 70.983206
0.637823 -0.117755 -0.761128 -66.270246 0.165636 0.986091 -0.013757 13.630940 0.752161 -0.117296 0.648456 71.466136
0.636220 -0.120158 -0.762093 -66.876122 0.170497 0.985272 -0.013011 13.601759 0.752433 -0.121657 0.647337 72.058718
0.635640 -0.120220 -0.762567 -67.371453 0.172025 0.985021 -0.011898 13.646142 0.752575 -0.123618 0.646799 72.479183
0.634935 -0.120010 -0.763188 -67.911968 0.173407 0.984793 -0.010591 13.718891 0.752853 -0.125618 0.646090 72.926339
0.634390 -0.119389 -0.763738 -68.375680 0.174368 0.984639 -0.009084 13.761945 0.753091 -0.127409 0.645462 73.295781
0.634289 -0.118810 -0.763912 -68.885227 0.174577 0.984610 -0.008181 13.877363 0.753127 -0.128172 0.645268 73.658808
0.633604 -0.119414 -0.764386 -69.401875 0.176016 0.984356 -0.007877 13.946422 0.753369 -0.129553 0.644711 74.056838
0.633574 -0.119527 -0.764394 -69.955138 0.175538 0.984437 -0.008439 14.042185 0.753506 -0.128833 0.644695 74.474872
0.632833 -0.119834 -0.764959 -70.504452 0.176162 0.984325 -0.008463 14.103501 0.753983 -0.129401 0.644023 74.936028
0.632093 -0.120634 -0.765445 -71.055536 0.176747 0.984214 -0.009157 14.179102 0.754466 -0.129501 0.643436 75.382028
0.631726 -0.122189 -0.765501 -71.563125 0.178534 0.983886 -0.009713 14.258341 0.754353 -0.130532 0.643361 75.731211
0.631281 -0.122021 -0.765895 -72.230235 0.180855 0.983480 -0.007618 14.195108 0.754172 -0.133707 0.642921 76.301221
0.630510 -0.122746 -0.766414 -72.780761 0.181908 0.983284 -0.007828 14.260644 0.754564 -0.134482 0.642299 76.744801
0.630304 -0.124611 -0.766283 -73.275005 0.182744 0.983114 -0.009556 14.446483 0.754534 -0.134011 0.642433 77.035918
0.629216 -0.125478 -0.767035 -73.820608 0.184042 0.982869 -0.009812 14.496614 0.755126 -0.134993 0.641530 77.478671
0.628231 -0.122748 -0.768283 -74.340765 0.182325 0.983206 -0.007998 14.512108 0.756362 -0.135053 0.640060 77.956896
0.628247 -0.123378 -0.768169 -74.882611 0.183222 0.983039 -0.008042 14.637075 0.756132 -0.135693 0.640197 78.283635
0.627600 -0.124326 -0.768545 -75.371097 0.183770 0.982929 -0.008937 14.724255 0.756536 -0.135627 0.639734 78.655306
0.627176 -0.124859 -0.768805 -75.955755 0.182840 0.983087 -0.010503 14.863695 0.757113 -0.133981 0.639397 79.102592
0.626708 -0.126297 -0.768951 -76.485968 0.184440 0.982781 -0.011097 14.974480 0.757112 -0.134871 0.639211 79.469023
0.626446 -0.126149 -0.769189 -77.092843 0.185341 0.982621 -0.010206 15.025209 0.757109 -0.136168 0.638940 79.948968
0.626024 -0.126600 -0.769458 -77.656310 0.184964 0.982682 -0.011197 15.101413 0.757550 -0.135312 0.638599 80.399551
0.624574 -0.127116 -0.770551 -78.293276 0.185987 0.982487 -0.011325 15.142145 0.758496 -0.136239 0.637278 81.014660
0.623776 -0.127434 -0.771144 -78.856692 0.187800 0.982152 -0.010393 15.205587 0.758706 -0.138339 0.636575 81.444960
0.623270 -0.127492 -0.771544 -79.329343 0.188250 0.982068 -0.010207 15.369996 0.759010 -0.138882 0.636094 81.780844
0.621639 -0.129249 -0.772567 -79.912021 0.193697 0.981026 -0.008267 15.400279 0.758977 -0.144505 0.634879 82.239408
0.620705 -0.130232 -0.773153 -80.476375 0.195734 0.980624 -0.008039 15.490012 0.759219 -0.146343 0.634169 82.687689
0.619709 -0.132118 -0.773631 -81.082354 0.198325 0.980099 -0.008511 15.514880 0.759360 -0.148156 0.633579 83.184427
0.618633 -0.134380 -0.774103 -81.651354 0.201009 0.979544 -0.009405 15.578958 0.759532 -0.149783 0.632990 83.638450
0.618998 -0.134235 -0.773836 -82.200032 0.197821 0.980167 -0.011788 15.728314 0.760071 -0.145785 0.633276 84.076899
0.618271 -0.135626 -0.774175 -82.778814 0.198433 0.980025 -0.013217 15.814219 0.760503 -0.145450 0.632834 84.528343
0.617678 -0.137542 -0.774310 -83.336189 0.200264 0.979638 -0.014262 15.872479 0.760506 -0.146257 0.632645 84.940451
0.616914 -0.138901 -0.774677 -83.893228 0.200836 0.979499 -0.015690 15.938047 0.760975 -0.145904 0.632163 85.376361
0.616101 -0.136506 -0.775748 -84.462250 0.197990 0.980086 -0.015219 16.021334 0.762377 -0.144214 0.630859 85.799236
0.615096 -0.133961 -0.776989 -85.005760 0.195520 0.980596 -0.014284 16.109428 0.763825 -0.143131 0.629352 86.157603
0.614790 -0.133182 -0.777365 -85.577175 0.193112 0.981057 -0.015354 16.265602 0.764684 -0.140679 0.628863 86.567236
0.614360 -0.133356 -0.777675 -86.109146 0.194640 0.980769 -0.014418 16.382879 0.764642 -0.142509 0.628501 86.945588
0.613332 -0.135525 -0.778111 -86.583861 0.197137 0.980256 -0.015343 16.475441 0.764827 -0.143984 0.627939 87.342110
0.612055 -0.138407 -0.778609 -87.145262 0.200686 0.979519 -0.016364 16.558871 0.764927 -0.146241 0.627296 87.774139
0.611822 -0.141398 -0.778255 -87.720492 0.202502 0.979103 -0.018694 16.654886 0.764635 -0.146161 0.627670 88.174508
0.612458 -0.142251 -0.777599 -88.268290 0.200522 0.979459 -0.021242 16.739404 0.764648 -0.142916 0.628402 88.579538
0.612221 -0.143124 -0.777626 -88.843184 0.201073 0.979330 -0.021945 16.818953 0.764693 -0.142925 0.628345 88.980476
0.612001 -0.145917 -0.777279 -89.455994 0.202219 0.979032 -0.024572 16.914447 0.764567 -0.142143 0.628675 89.412915
0.611142 -0.146582 -0.777830 -90.031121 0.202639 0.978928 -0.025265 16.993098 0.765142 -0.142178 0.627967 89.869550
0.610552 -0.147424 -0.778134 -90.583548 0.201133 0.979172 -0.027696 17.123747 0.766011 -0.139599 0.627487 90.288170
0.609764 -0.148188 -0.778606 -91.150265 0.203120 0.978776 -0.027212 17.208491 0.766113 -0.141558 0.626922 90.690032
0.607699 -0.149475 -0.779974 -91.735885 0.206010 0.978179 -0.026952 17.233494 0.766982 -0.144303 0.625232 91.169396
0.607065 -0.148837 -0.780590 -92.317677 0.206370 0.978128 -0.026008 17.313748 0.767388 -0.145302 0.624503 91.617220
0.606572 -0.150980 -0.780561 -92.767647 0.209461 0.977463 -0.026295 17.440483 0.766940 -0.147547 0.624526 91.892610
0.607593 -0.151533 -0.779660 -93.290154 0.207721 0.977783 -0.028161 17.597553 0.766605 -0.144841 0.625570 92.225585
0.607416 -0.151968 -0.779713 -93.908217 0.209062 0.977511 -0.027654 17.598608 0.766380 -0.146211 0.625527 92.665381
0.607533 -0.150711 -0.779865 -94.458872 0.207570 0.977840 -0.027269 17.680040 0.766693 -0.145310 0.625353 93.066649
0.607840 -0.150339 -0.779698 -95.030871 0.206541 0.978049 -0.027568 17.779676 0.766728 -0.144282 0.625548 93.482602
0.607572 -0.151851 -0.779614 -95.592938 0.207005 0.977906 -0.029149 17.886207 0.766815 -0.143674 0.625582 93.869571
0.606974 -0.151900 -0.780070 -96.162011 0.208105 0.977692 -0.028455 17.931607 0.766991 -0.145065 0.625045 94.278731
0.610094 -0.150697 -0.777866 -96.477992 0.202202 0.978852 -0.031044 18.331622 0.766094 -0.138346 0.627662 94.349494
0.608470 -0.154171 -0.778457 -96.821261 0.209069 0.977436 -0.030163 18.335465 0.765542 -0.144398 0.626973 94.687223
0.609167 -0.158818 -0.776976 -97.375741 0.211054 0.976876 -0.034207 18.457791 0.764442 -0.143146 0.628600 95.020472
0.605722 -0.159098 -0.779608 -97.418614 0.215857 0.975918 -0.031449 18.185825 0.765837 -0.149235 0.625478 95.410801
0.606003 -0.161857 -0.778821 -97.895084 0.217503 0.975485 -0.033489 18.240166 0.765149 -0.149101 0.626351 95.698436
0.603859 -0.163796 -0.780080 -98.351391 0.220126 0.974868 -0.034296 18.234069 0.766093 -0.151006 0.624739 96.215806
0.602796 -0.166082 -0.780419 -98.910996 0.220397 0.974701 -0.037193 18.318191 0.766852 -0.149582 0.624150 96.727335
0.602938 -0.166504 -0.780219 -99.439715 0.222040 0.974360 -0.036346 18.390417 0.766266 -0.151326 0.624449 97.042866
0.604240 -0.164738 -0.779587 -99.863456 0.222802 0.974298 -0.033195 18.497382 0.765018 -0.153636 0.625414 97.205636
0.604373 -0.164189 -0.779599 -100.354878 0.224201 0.974039 -0.031330 18.555532 0.764504 -0.155852 0.625495 97.558280
0.604394 -0.162171 -0.780006 -100.892640 0.225317 0.973886 -0.027891 18.550862 0.764160 -0.158891 0.625151 97.960495
0.603591 -0.163474 -0.780356 -101.403072 0.228107 0.973249 -0.027446 18.606275 0.763967 -0.161439 0.624734 98.352440
0.604074 -0.162698 -0.780144 -101.907267 0.227978 0.973307 -0.026456 18.669377 0.763623 -0.161874 0.625041 98.721440
0.604433 -0.162437 -0.779920 -102.392393 0.228412 0.973226 -0.025680 18.754962 0.763209 -0.162621 0.625352 99.036017
0.604839 -0.162210 -0.779652 -102.885667 0.228799 0.973153 -0.024971 18.822509 0.762771 -0.163280 0.625715 99.368489
0.604141 -0.162221 -0.780191 -103.438453 0.228609 0.973189 -0.025327 18.930754 0.763381 -0.163058 0.625029 99.834756
0.603541 -0.161900 -0.780722 -103.921803 0.228732 0.973169 -0.024985 19.001319 0.763819 -0.163497 0.624379 100.237395
0.601286 -0.162021 -0.782435 -104.338605 0.230724 0.972720 -0.024117 19.011270 0.764998 -0.166026 0.622265 100.682178
0.600130 -0.163292 -0.783058 -104.938325 0.231136 0.972583 -0.025673 19.139913 0.765781 -0.165585 0.621419 101.170144
0.599087 -0.163637 -0.783784 -105.390992 0.231515 0.972482 -0.026074 19.206824 0.766482 -0.165837 0.620486 101.603443
0.599092 -0.164987 -0.783497 -105.877804 0.233040 0.972106 -0.026513 19.275204 0.766016 -0.166702 0.620830 101.918516
0.599016 -0.166261 -0.783286 -106.395442 0.233337 0.971996 -0.027873 19.355582 0.765985 -0.166073 0.621036 102.303771
0.598048 -0.168290 -0.783593 -107.030976 0.233536 0.971870 -0.030488 19.502709 0.766681 -0.164763 0.620526 102.805518
0.597802 -0.169092 -0.783607 -107.547701 0.233622 0.971818 -0.031479 19.582749 0.766846 -0.164249 0.620458 103.194131
0.597455 -0.169847 -0.783709 -108.032029 0.233794 0.971747 -0.032368 19.645753 0.767064 -0.163888 0.620285 103.561450
0.595791 -0.170604 -0.784810 -108.473411 0.235928 0.971243 -0.032027 19.650872 0.767705 -0.166077 0.618908 103.971680
0.596118 -0.171142 -0.784445 -108.954412 0.235471 0.971322 -0.032973 19.728139 0.767592 -0.165058 0.619321 104.281652
0.593996 -0.172607 -0.785733 -109.531580 0.236751 0.970964 -0.034319 19.814642 0.768842 -0.165638 0.617614 104.803541
0.593709 -0.173945 -0.785654 -110.090229 0.236671 0.970919 -0.036114 19.964148 0.769088 -0.164500 0.617611 105.207148
0.593516 -0.174260 -0.785730 -110.543025 0.237268 0.970774 -0.036074 20.020652 0.769053 -0.165018 0.617517 105.543898
0.595062 -0.173301 -0.784773 -111.006573 0.237117 0.970865 -0.034599 19.995582 0.767904 -0.165494 0.618817 105.765376
0.595032 -0.173697 -0.784708 -111.501022 0.237613 0.970740 -0.034697 20.078785 0.767774 -0.165811 0.618894 106.101149
0.593680 -0.174963 -0.785450 -112.027824 0.237397 0.970716 -0.036797 20.222356 0.768887 -0.164618 0.617830 106.573315
0.593655 -0.175670 -0.785312 -112.509587 0.237785 0.970599 -0.037365 20.303060 0.768786 -0.164553 0.617972 106.902901
0.595579 -0.175803 -0.783823 -113.075797 0.233845 0.971443 -0.040200 20.465711 0.768506 -0.159351 0.619682 107.292178
0.595603 -0.176583 -0.783630 -113.570946 0.234538 0.971259 -0.040601 20.541204 0.768277 -0.159608 0.619900 107.642735
0.595589 -0.176408 -0.783679 -114.061656 0.234470 0.971282 -0.040443 20.605273 0.768308 -0.159662 0.619847 108.008486
0.596033 -0.176518 -0.783317 -114.546230 0.234162 0.971345 -0.040713 20.688056 0.768058 -0.159157 0.620287 108.325047
0.595409 -0.176859 -0.783715 -115.030563 0.234895 0.971168 -0.040706 20.737861 0.768318 -0.159854 0.619786 108.698426
0.595320 -0.177695 -0.783593 -115.551439 0.234258 0.971255 -0.042278 20.832550 0.768581 -0.158394 0.619834 109.067826
0.595403 -0.178050 -0.783449 -116.064456 0.233145 0.971464 -0.043594 20.910771 0.768855 -0.156702 0.619925 109.437527
0.593455 -0.179624 -0.784567 -116.638828 0.234050 0.971168 -0.045308 20.967130 0.770085 -0.156740 0.618386 109.958961
0.595787 -0.182295 -0.782180 -117.211024 0.231079 0.971627 -0.050435 21.162242 0.769182 -0.150697 0.621007 110.269569
0.597002 -0.183247 -0.781031 -117.656181 0.229829 0.971823 -0.052335 21.282922 0.768614 -0.148260 0.622295 110.509741
0.597386 -0.184548 -0.780431 -118.213917 0.227926 0.972101 -0.055405 21.379150 0.768882 -0.144783 0.622782 110.897195
0.594891 -0.185530 -0.782102 -118.606004 0.232234 0.971174 -0.053737 21.369866 0.769527 -0.149663 0.620830 111.191523
0.595813 -0.187878 -0.780838 -119.116043 0.231983 0.971070 -0.056637 21.516659 0.768889 -0.147396 0.622161 111.470568
0.596313 -0.188085 -0.780407 -119.542029 0.231329 0.971186 -0.057305 21.595128 0.768699 -0.146359 0.622641 111.732778
0.596338 -0.188872 -0.780198 -120.017628 0.231595 0.971078 -0.058063 21.657049 0.768599 -0.146065 0.622832 112.036004
0.589540 -0.190758 -0.784891 -120.454349 0.240373 0.969122 -0.054986 21.538479 0.771144 -0.156250 0.617189 112.514162
0.588020 -0.192431 -0.785623 -121.007984 0.241523 0.968748 -0.056512 21.608672 0.771945 -0.156515 0.616120 112.964311
0.586798 -0.192351 -0.786555 -121.488084 0.242896 0.968456 -0.055625 21.632496 0.772444 -0.158410 0.615009 113.353107
0.588339 -0.194830 -0.784792 -121.958534 0.243962 0.968082 -0.057441 21.766433 0.770934 -0.157665 0.617092 113.530142
0.587291 -0.195827 -0.785328 -122.437211 0.244821 0.967817 -0.058248 21.828838 0.771461 -0.158056 0.616333 113.894075
0.587234 -0.197226 -0.785021 -122.928472 0.245425 0.967588 -0.059504 21.921195 0.771313 -0.157721 0.616604 114.207940
0.586662 -0.198806 -0.785050 -123.395158 0.246409 0.967256 -0.060808 22.032616 0.771434 -0.157770 0.616441 114.521089
0.584956 -0.200613 -0.785863 -123.834238 0.249949 0.966358 -0.060640 22.044493 0.771590 -0.160954 0.615420 114.813686
0.584201 -0.203035 -0.785803 -124.325032 0.251859 0.965757 -0.062289 22.119981 0.771542 -0.161522 0.615333 115.151365
0.583495 -0.206036 -0.785546 -124.761946 0.254740 0.964899 -0.063859 22.204170 0.771130 -0.162849 0.615499 115.397540
0.583457 -0.209400 -0.784684 -125.181186 0.256729 0.964199 -0.066413 22.392007 0.770499 -0.162702 0.616328 115.564719
0.581185 -0.211241 -0.785876 -125.676419 0.259843 0.963339 -0.066779 22.418128 0.771172 -0.165393 0.614767 115.953773
0.580105 -0.212195 -0.786416 -126.173707 0.260817 0.963029 -0.067456 22.426234 0.771655 -0.165979 0.614002 116.293604
0.578604 -0.215177 -0.786712 -126.643604 0.263905 0.962074 -0.069046 22.508526 0.771733 -0.167667 0.613446 116.562553
0.578562 -0.218003 -0.785965 -127.123373 0.264422 0.961708 -0.072103 22.628986 0.771587 -0.166111 0.614052 116.849593
0.577909 -0.221720 -0.785405 -127.623965 0.266427 0.960915 -0.075226 22.735374 0.771387 -0.165779 0.614394 117.129439
0.576634 -0.222438 -0.786139 -128.116135 0.266451 0.960814 -0.076421 22.782845 0.772333 -0.165400 0.613307 117.461852
0.578747 -0.225900 -0.783595 -128.584815 0.267907 0.960205 -0.078944 22.928351 0.770245 -0.164242 0.616236 117.581309
0.576878 -0.226960 -0.784666 -129.011659 0.270073 0.959593 -0.079002 22.937302 0.770891 -0.166343 0.614864 117.910540
0.561998 -0.218365 -0.797794 -129.017334 0.273862 0.959245 -0.069637 22.631315 0.780486 -0.179349 0.598895 118.827548
0.556127 -0.219869 -0.801486 -129.457830 0.274591 0.958824 -0.072501 22.758131 0.784425 -0.179761 0.593603 119.365460
0.559462 -0.218417 -0.799560 -129.903801 0.275787 0.958744 -0.068930 22.679661 0.781629 -0.181944 0.596618 119.422660
0.557126 -0.219662 -0.800849 -130.284293 0.276521 0.958418 -0.070514 22.762213 0.783037 -0.182166 0.594701 119.732962
0.548872 -0.219203 -0.806653 -130.632112 0.277527 0.958053 -0.071508 22.766536 0.788491 -0.184619 0.586683 120.363476
0.544888 -0.220774 -0.808923 -131.058027 0.279718 0.957314 -0.072856 22.800443 0.790478 -0.186572 0.583383 120.772441
0.540501 -0.221892 -0.811556 -131.491233 0.280526 0.956927 -0.074807 22.851816 0.793199 -0.187229 0.579466 121.207942
0.536687 -0.221309 -0.814242 -131.882601 0.282360 0.956461 -0.073854 22.822948 0.795135 -0.190273 0.575809 121.580504
0.534049 -0.221812 -0.815838 -132.287327 0.284197 0.955917 -0.073861 22.819612 0.796256 -0.192413 0.573545 121.911978
0.530845 -0.222144 -0.817836 -132.694016 0.286363 0.955290 -0.073605 22.803161 0.797621 -0.195125 0.570724 122.241323
0.519058 -0.220473 -0.825815 -133.005045 0.287292 0.954951 -0.074374 22.830196 0.805011 -0.198645 0.559015 122.922085
0.515770 -0.220705 -0.827811 -133.407808 0.287804 0.954730 -0.075226 22.863422 0.806939 -0.199448 0.555941 123.252027
0.511584 -0.220761 -0.830389 -133.801651 0.289335 0.954251 -0.075437 22.851479 0.809053 -0.201668 0.552053 123.611474
0.508069 -0.222808 -0.831999 -134.203663 0.290615 0.953662 -0.077922 22.902315 0.810807 -0.202202 0.549278 123.924652
0.505997 -0.223725 -0.833015 -134.563458 0.292388 0.953083 -0.078367 22.917237 0.811465 -0.203910 0.547672 124.163674
0.503888 -0.225069 -0.833931 -134.917580 0.295691 0.952070 -0.078288 22.930947 0.811581 -0.207138 0.546288 124.407514
0.502958 -0.226941 -0.833985 -135.351167 0.296075 0.951772 -0.080437 23.034115 0.812018 -0.206466 0.545892 124.594176
0.493991 -0.225922 -0.839602 -135.649900 0.297544 0.951274 -0.080907 23.043938 0.816970 -0.209851 0.537142 125.106693
0.489299 -0.224325 -0.842772 -136.111314 0.295203 0.951911 -0.081985 23.037347 0.820635 -0.208673 0.531990 125.531420
0.485063 -0.222093 -0.845806 -136.502599 0.295682 0.951899 -0.080380 23.005073 0.822974 -0.211100 0.527400 125.862503
0.481809 -0.225153 -0.846857 -136.909435 0.298870 0.950702 -0.082724 23.061121 0.823734 -0.213243 0.525348 126.152819
0.483057 -0.229578 -0.844956 -137.363447 0.300986 0.949745 -0.085977 23.179688 0.822231 -0.212788 0.527881 126.231919
0.479255 -0.230936 -0.846749 -137.785785 0.302709 0.949057 -0.087507 23.230363 0.823822 -0.214380 0.524746 126.522727
0.472954 -0.228706 -0.850886 -138.156037 0.303370 0.948944 -0.086438 23.197082 0.827213 -0.217252 0.518190 126.931663
0.468510 -0.228569 -0.853378 -138.547170 0.304489 0.948544 -0.086892 23.201800 0.829328 -0.219134 0.513999 127.251784
0.461960 -0.226875 -0.857392 -138.934716 0.305940 0.948154 -0.086052 23.161758 0.832462 -0.222558 0.507420 127.666803
0.458227 -0.225523 -0.859748 -139.302477 0.308652 0.947456 -0.084026 23.124800 0.833524 -0.226860 0.503758 127.926978
0.453411 -0.227238 -0.861848 -139.728173 0.308525 0.947190 -0.087427 23.172282 0.836200 -0.226261 0.499575 128.262071
0.448349 -0.228419 -0.864180 -140.146700 0.310700 0.946338 -0.088940 23.190533 0.838122 -0.228625 0.495260 128.574740
0.442390 -0.230626 -0.866662 -140.552159 0.312653 0.945403 -0.091985 23.205251 0.840559 -0.230271 0.490343 128.899382
0.437373 -0.233269 -0.868499 -141.015657 0.314127 0.944565 -0.095506 23.262937 0.842632 -0.231047 0.486403 129.213894
0.429083 -0.236685 -0.871704 -141.522213 0.313939 0.943972 -0.101775 23.311806 0.846953 -0.229992 0.479347 129.693674
0.426207 -0.237587 -0.872869 -141.954554 0.316805 0.942992 -0.101983 23.309338 0.847338 -0.233063 0.477179 129.894356
0.417473 -0.236303 -0.877426 -142.366321 0.319660 0.942067 -0.101619 23.294625 0.850608 -0.238055 0.468825 130.303799
0.414052 -0.236802 -0.878912 -142.781061 0.322046 0.941227 -0.101876 23.322781 0.851380 -0.240867 0.465978 130.524544
0.405579 -0.232602 -0.883969 -143.199764 0.326619 0.940112 -0.097517 23.245878 0.853713 -0.249170 0.457262 130.880382
0.396253 -0.231551 -0.888464 -143.642174 0.329922 0.938953 -0.097565 23.215581 0.856817 -0.254463 0.448456 131.268159
0.391325 -0.232788 -0.890323 -144.080134 0.331445 0.938200 -0.099625 23.242047 0.858492 -0.256107 0.444297 131.535895
0.388981 -0.234630 -0.890866 -144.486423 0.329968 0.938349 -0.103061 23.302052 0.860125 -0.253869 0.442421 131.745406
0.389583 -0.236667 -0.890064 -144.845828 0.333231 0.937165 -0.103335 23.353896 0.858593 -0.256339 0.443969 131.818452
0.384623 -0.236926 -0.892150 -145.293688 0.335505 0.936280 -0.104003 23.332247 0.859943 -0.259319 0.439604 132.069122
0.379305 -0.238654 -0.893964 -145.726611 0.339107 0.934794 -0.105673 23.339504 0.860891 -0.263067 0.435502 132.298665
0.375640 -0.240531 -0.895008 -146.131333 0.342481 0.933399 -0.107107 23.359550 0.861163 -0.266290 0.432999 132.470853
0.369853 -0.240535 -0.897414 -146.560271 0.344436 0.932576 -0.108006 23.354967 0.862886 -0.269155 0.427765 132.713375
0.363876 -0.242013 -0.899458 -147.002605 0.347053 0.931349 -0.110193 23.363223 0.864377 -0.272063 0.422887 132.945496
0.354950 -0.242726 -0.902826 -147.464152 0.352463 0.929191 -0.111242 23.349178 0.865899 -0.278727 0.415368 133.203433
0.345125 -0.244192 -0.906234 -147.922967 0.357783 0.926881 -0.113500 23.328075 0.867687 -0.285063 0.407257 133.487669
0.338110 -0.243299 -0.909114 -148.358183 0.359707 0.926068 -0.114057 23.313850 0.869651 -0.288451 0.400629 133.706059
0.330648 -0.242855 -0.911972 -148.779988 0.364531 0.924194 -0.113944 23.287200 0.870511 -0.294766 0.394111 133.903379
0.322046 -0.243856 -0.914779 -149.243829 0.369129 0.922128 -0.115864 23.268797 0.871797 -0.300358 0.386981 134.131087
0.312079 -0.240323 -0.919158 -149.668302 0.376148 0.919674 -0.112746 23.215021 0.872422 -0.310554 0.377408 134.335753
0.304896 -0.242493 -0.920997 -150.132172 0.378219 0.918345 -0.116585 23.240788 0.874064 -0.312792 0.371716 134.525525
0.299649 -0.244507 -0.922186 -150.578256 0.379303 0.917457 -0.120005 23.267854 0.875408 -0.313829 0.367657 134.670794
0.292962 -0.250704 -0.922671 -151.005243 0.385242 0.914163 -0.126072 23.385582 0.875078 -0.318517 0.364397 134.778339
0.287138 -0.251327 -0.924330 -151.400929 0.385963 0.913522 -0.128492 23.377837 0.876690 -0.319862 0.359310 134.944052
0.284541 -0.244750 -0.926895 -151.569520 0.385126 0.914593 -0.123275 23.324945 0.877903 -0.321895 0.354499 135.114121
0.278555 -0.250132 -0.927276 -152.154459 0.391001 0.911391 -0.128390 23.343532 0.877226 -0.326802 0.351675 135.183638
0.279479 -0.250151 -0.926993 -152.538507 0.390064 0.911785 -0.128447 23.290194 0.877349 -0.325688 0.352400 135.235109
0.271891 -0.254738 -0.928000 -152.872258 0.392371 0.909875 -0.134804 23.365180 0.878704 -0.327468 0.347339 135.397148
0.265305 -0.254655 -0.929927 -153.113685 0.394633 0.908681 -0.136250 23.367705 0.879703 -0.330833 0.341573 135.530496
0.261185 -0.253088 -0.931520 -153.264788 0.393042 0.909281 -0.136843 23.364598 0.881646 -0.330385 0.336965 135.630946
0.258607 -0.252256 -0.932464 -153.436811 0.394084 0.908870 -0.136579 23.355838 0.881941 -0.332149 0.334450 135.716891
0.256490 -0.251827 -0.933165 -153.550222 0.395050 0.908451 -0.136574 23.355344 0.882127 -0.333617 0.332493 135.769507
0.254672 -0.250039 -0.934143 -153.702696 0.392830 0.909449 -0.136333 23.340543 0.883644 -0.332239 0.329834 135.862460
0.259719 -0.248253 -0.933229 -153.685769 0.393661 0.909667 -0.132429 23.316793 0.881803 -0.332982 0.333986 135.809377
0.261718 -0.248369 -0.932640 -153.731637 0.390558 0.910922 -0.132987 23.326015 0.882592 -0.329445 0.335407 135.818844
0.265002 -0.247823 -0.931857 -153.772412 0.391851 0.910689 -0.130758 23.309672 0.881037 -0.330498 0.338444 135.791774
