1.000000 0.000000 0.000000 0.000000 0.000000 1.000000 0.000000 0.000000 0.000000 0.000000 1.000000 0.000000
0.999997 -0.001655 -0.002052 0.008874 0.001654 0.999998 -0.000773 -0.013761 0.002053 0.000770 0.999998 0.503293
0.999990 -0.002251 -0.003764 0.009818 0.002242 0.999995 -0.002193 -0.026737 0.003769 0.002185 0.999991 0.994483
0.999977 -0.002614 -0.006196 0.005847 0.002590 0.999989 -0.003895 -0.030904 0.006206 0.003879 0.999973 1.483333
0.999947 -0.004817 -0.009134 0.015630 0.004768 0.999974 -0.005447 -0.046008 0.009160 0.005403 0.999943 1.973577
0.999908 -0.007451 -0.011314 0.015448 0.007374 0.999949 -0.006857 -0.064803 0.011365 0.006773 0.999912 2.476486
0.999868 -0.008938 -0.013583 0.018178 0.008840 0.999934 -0.007271 -0.080320 0.013647 0.007150 0.999881 2.978261
0.999848 -0.008343 -0.015295 0.007931 0.008224 0.999936 -0.007812 -0.075840 0.015359 0.007685 0.999853 3.490224
0.999828 -0.008600 -0.016450 -0.002027 0.008473 0.999934 -0.007720 -0.099555 0.016515 0.007579 0.999835 4.012589
0.999786 -0.008129 -0.019007 0.003468 0.007937 0.999917 -0.010165 -0.120168 0.019088 0.010012 0.999768 4.526116
0.999823 -0.006421 -0.017672 -0.079188 0.006178 0.999886 -0.013801 -0.135855 0.017759 0.013689 0.999749 5.050876
0.999809 -0.005612 -0.018702 -0.128946 0.005282 0.999831 -0.017609 -0.146677 0.018797 0.017507 0.999670 5.621462
0.999800 -0.004143 -0.019564 -0.166378 0.003797 0.999836 -0.017705 -0.152629 0.019634 0.017627 0.999652 6.176180
0.999795 -0.001500 -0.020189 -0.212990 0.001279 0.999939 -0.010961 -0.165416 0.020205 0.010933 0.999736 6.752204
0.999770 -0.000824 -0.021429 -0.241957 0.000818 1.000000 -0.000269 -0.190213 0.021429 0.000251 0.999770 7.350962
0.999747 0.000052 -0.022507 -0.270430 0.000089 0.999980 0.006252 -0.202056 0.022507 -0.006253 0.999727 7.944172
0.999712 0.002029 -0.023905 -0.283649 -0.001907 0.999985 0.005161 -0.213869 0.023916 -0.005114 0.999701 8.520245
0.999648 0.003798 -0.026253 -0.297696 -0.003850 0.999991 -0.001928 -0.223239 0.026245 0.002028 0.999653 9.121204
0.999637 0.002017 -0.026867 -0.351561 -0.002240 0.999963 -0.008262 -0.216052 0.026850 0.008319 0.999605 9.757757
0.999624 -0.001852 -0.027365 -0.416308 0.001662 0.999974 -0.006979 -0.213962 0.027377 0.006931 0.999601 10.437184
0.999582 -0.006053 -0.028281 -0.456055 0.006095 0.999980 0.001395 -0.193813 0.028272 -0.001567 0.999599 11.127745
0.999475 -0.006567 -0.031714 -0.390011 0.006851 0.999937 0.008845 -0.197201 0.031654 -0.009058 0.999458 11.671444
0.999441 -0.005716 -0.032934 -0.405305 0.006103 0.999914 0.011644 -0.216705 0.032864 -0.011839 0.999390 12.321354
0.999405 -0.008334 -0.033475 -0.436432 0.008687 0.999908 0.010394 -0.213592 0.033385 -0.010678 0.999386 13.018237
0.999382 -0.009612 -0.033822 -0.466909 0.009879 0.999921 0.007726 -0.206719 0.033745 -0.008056 0.999398 13.702950
0.999430 -0.006670 -0.033082 -0.521695 0.006820 0.999967 0.004437 -0.213583 0.033051 -0.004660 0.999443 14.463921
0.999402 -0.010913 -0.032815 -0.553829 0.010891 0.999940 -0.000839 -0.223492 0.032822 0.000481 0.999461 15.193662
0.999384 -0.014361 -0.032029 -0.588068 0.014119 0.999870 -0.007750 -0.218261 0.032136 0.007293 0.999457 15.879774
0.999392 -0.015405 -0.031273 -0.635823 0.015012 0.999806 -0.012783 -0.238824 0.031463 0.012305 0.999429 16.613453
0.999425 -0.014542 -0.030614 -0.733311 0.014114 0.999800 -0.014145 -0.239407 0.030814 0.013705 0.999431 17.442529
0.999408 -0.014584 -0.031162 -0.793427 0.014172 0.999810 -0.013398 -0.267436 0.031351 0.012949 0.999425 18.280876
0.999382 -0.013054 -0.032631 -0.810445 0.012590 0.999817 -0.014370 -0.291725 0.032812 0.013950 0.999364 19.044211
0.999483 -0.009425 -0.030735 -0.935007 0.008896 0.999811 -0.017304 -0.297572 0.030892 0.017021 0.999378 19.878342
0.999514 -0.007209 -0.030333 -1.036326 0.006646 0.999805 -0.018591 -0.299456 0.030461 0.018381 0.999367 20.728616
0.999541 -0.005269 -0.029819 -1.120988 0.004706 0.999810 -0.018925 -0.317420 0.029913 0.018776 0.999376 21.531211
0.999524 -0.006201 -0.030215 -1.188242 0.005627 0.999802 -0.019065 -0.336792 0.030327 0.018885 0.999362 22.366042
0.999481 -0.012420 -0.029709 -1.289853 0.011854 0.999747 -0.019135 -0.327530 0.029939 0.018773 0.999375 23.176351
0.999439 -0.014858 -0.030022 -1.375392 0.014282 0.999711 -0.019336 -0.298436 0.030300 0.018896 0.999362 23.968494
0.999451 -0.016968 -0.028451 -1.512804 0.016461 0.999703 -0.017965 -0.308287 0.028748 0.017487 0.999434 24.791560
0.999261 -0.023289 -0.030589 -1.545951 0.022765 0.999590 -0.017358 -0.299452 0.030980 0.016648 0.999381 25.776525
0.999425 -0.016725 -0.029489 -1.662053 0.016234 0.999727 -0.016797 -0.404960 0.029761 0.016309 0.999424 26.655918
0.999456 -0.016462 -0.028563 -1.788762 0.015923 0.999693 -0.019003 -0.389044 0.028867 0.018538 0.999411 27.541172
0.999421 -0.019025 -0.028206 -1.920059 0.018515 0.999662 -0.018250 -0.415440 0.028544 0.017717 0.999436 28.446813
0.999180 -0.027683 -0.029546 -2.007931 0.027226 0.999505 -0.015758 -0.429399 0.029968 0.014941 0.999439 29.402319
0.999004 -0.032244 -0.030840 -2.083448 0.031880 0.999417 -0.012217 -0.461020 0.031216 0.011222 0.999450 30.359457
0.998866 -0.036382 -0.030702 -2.211356 0.036074 0.999293 -0.010552 -0.458646 0.031064 0.009432 0.999473 31.278326
0.998606 -0.042501 -0.031285 -2.339306 0.042216 0.999061 -0.009696 -0.455126 0.031668 0.008362 0.999463 32.188603
0.998012 -0.054715 -0.031277 -2.466344 0.054349 0.998445 -0.012437 -0.410314 0.031909 0.010712 0.999433 33.096992
0.998280 -0.050404 -0.029952 -2.611481 0.049988 0.998645 -0.014479 -0.425192 0.030642 0.012957 0.999446 33.985664
0.997948 -0.055997 -0.031059 -2.615098 0.055605 0.998364 -0.013350 -0.409543 0.031755 0.011596 0.999428 34.501237
0.997704 -0.059990 -0.031429 -2.769169 0.059669 0.998157 -0.011057 -0.423049 0.032034 0.009156 0.999445 35.423883
0.995968 -0.083395 -0.033049 -2.919394 0.083114 0.996492 -0.009799 -0.368086 0.033750 0.007013 0.999406 36.353472
0.997114 -0.069114 -0.031402 -3.075897 0.068801 0.997571 -0.010928 -0.426177 0.032081 0.008736 0.999447 37.164105
0.996705 -0.074310 -0.032507 -3.159130 0.073929 0.997182 -0.012767 -0.530586 0.033364 0.010322 0.999390 38.107956
0.996520 -0.077228 -0.031353 -3.315118 0.076728 0.996910 -0.016827 -0.560148 0.032555 0.014363 0.999367 39.012138
0.996453 -0.079036 -0.028887 -3.533041 0.078556 0.996758 -0.017386 -0.595026 0.030167 0.015055 0.999431 39.865001
0.996680 -0.077097 -0.026182 -3.756180 0.076733 0.996944 -0.014629 -0.655403 0.027230 0.012571 0.999550 40.769310
0.996285 -0.082862 -0.023462 -3.980225 0.082510 0.996468 -0.015602 -0.565023 0.024672 0.013608 0.999603 41.718402
0.995836 -0.087332 -0.026149 -3.941512 0.087009 0.996119 -0.013256 -0.641261 0.027206 0.010926 0.999570 42.387767
0.995396 -0.092102 -0.026545 -3.979482 0.091784 0.995695 -0.012954 -0.723298 0.027624 0.010458 0.999564 43.033657
0.995954 -0.086344 -0.024918 -4.070666 0.086006 0.996191 -0.014347 -0.751744 0.026062 0.012146 0.999587 43.789495
0.995474 -0.091901 -0.024216 -4.153162 0.091495 0.995654 -0.017375 -0.746521 0.025707 0.015080 0.999556 44.476131
0.995242 -0.094826 -0.022391 -4.295780 0.094378 0.995330 -0.020280 -0.771649 0.024209 0.018070 0.999544 45.258612
0.994939 -0.098040 -0.022007 -4.391236 0.097557 0.994986 -0.022036 -0.868887 0.024057 0.019778 0.999515 46.037158
0.994341 -0.104038 -0.021479 -4.478482 0.103505 0.994325 -0.024595 -0.873995 0.023916 0.022233 0.999467 46.745391
0.994258 -0.105101 -0.020108 -4.597610 0.104645 0.994254 -0.022534 -0.894461 0.022361 0.020300 0.999544 47.448207
0.994125 -0.106499 -0.019313 -4.740572 0.106227 0.994235 -0.014606 -1.012382 0.020758 0.012469 0.999707 48.356432
0.994088 -0.106879 -0.019107 -4.858580 0.106733 0.994251 -0.008507 -1.062524 0.019906 0.006418 0.999781 49.121785
0.992943 -0.117090 -0.018808 -4.960695 0.116961 0.993106 -0.007817 -1.097561 0.019593 0.005562 0.999793 49.914396
0.991798 -0.126578 -0.017722 -5.046287 0.126404 0.991922 -0.010624 -1.168196 0.018924 0.008297 0.999787 50.910187
0.992433 -0.121774 -0.015759 -5.184572 0.121563 0.992489 -0.013726 -1.176620 0.017313 0.011706 0.999782 51.702275
0.992342 -0.122697 -0.014245 -5.326919 0.122457 0.992334 -0.016682 -1.254115 0.016183 0.014809 0.999759 52.512601
0.992008 -0.125375 -0.014180 -5.354682 0.125064 0.991926 -0.021031 -1.267266 0.016702 0.019089 0.999678 53.215966
0.992246 -0.123817 -0.010846 -5.557503 0.123556 0.992090 -0.022162 -1.284666 0.013504 0.020650 0.999696 54.206987
0.992302 -0.123330 -0.011204 -5.554574 0.123138 0.992253 -0.016452 -1.454922 0.013146 0.014946 0.999802 55.175015
0.992341 -0.122893 -0.012507 -5.549060 0.122693 0.992321 -0.015666 -1.409880 0.014336 0.014011 0.999799 55.822358
0.991995 -0.125777 -0.011255 -5.692624 0.125613 0.991977 -0.014272 -1.470794 0.012959 0.012744 0.999835 56.729708
0.991562 -0.129346 -0.008613 -5.908565 0.129234 0.991535 -0.012486 -1.557068 0.010155 0.011268 0.999885 57.628978
0.991053 -0.133251 -0.007681 -6.032295 0.133168 0.991038 -0.010465 -1.625209 0.009007 0.009349 0.999916 58.406181
0.991188 -0.132248 -0.007600 -6.090451 0.132167 0.991174 -0.010306 -1.573613 0.008896 0.009211 0.999918 59.652546
0.990586 -0.136700 -0.007277 -6.215957 0.136639 0.990586 -0.008371 -1.652238 0.008353 0.007298 0.999938 60.657129
0.990670 -0.136108 -0.006869 -6.267642 0.136035 0.990652 -0.010120 -1.652111 0.008182 0.009091 0.999925 61.686431
0.990319 -0.138698 -0.005577 -6.405680 0.138605 0.990241 -0.014527 -1.640380 0.007537 0.013614 0.999879 62.615309
0.990494 -0.137359 -0.007410 -6.379472 0.137245 0.990436 -0.014166 -1.785561 0.009285 0.013015 0.999872 63.536493
0.990451 -0.137805 -0.004119 -6.624206 0.137741 0.990383 -0.013011 -1.812716 0.005872 0.012319 0.999907 64.566225
0.990238 -0.139338 -0.003695 -6.760794 0.139301 0.990210 -0.008944 -1.845026 0.004905 0.008342 0.999953 65.463666
0.989548 -0.144167 -0.003317 -6.904696 0.144142 0.989535 -0.006656 -1.786055 0.004242 0.006108 0.999972 66.297317
0.989434 -0.144977 -0.001516 -7.102316 0.144966 0.989419 -0.005974 -1.817233 0.002366 0.005691 0.999981 67.286417
0.988951 -0.148238 -0.000884 -7.187354 0.148227 0.988925 -0.007547 -1.894241 0.001993 0.007333 0.999971 68.317976
0.988548 -0.150899 0.001372 -7.373054 0.150905 0.988511 -0.008534 -1.941748 -0.000069 0.008643 0.999963 69.277085
0.987523 -0.157459 0.002159 -7.510467 0.157471 0.987493 -0.007831 -2.028287 -0.000899 0.008073 0.999967 70.248103
0.987680 -0.156435 0.004019 -7.680029 0.156462 0.987654 -0.007634 -2.037851 -0.002775 0.008168 0.999963 71.141476
0.987121 -0.159903 0.004739 -7.831149 0.159933 0.987103 -0.007038 -2.043830 -0.003552 0.007705 0.999964 72.024685
0.985655 -0.168695 0.005150 -7.971222 0.168722 0.985649 -0.005362 -2.032826 -0.004171 0.006154 0.999972 72.883266
0.985001 -0.172528 0.002705 -7.956402 0.172540 0.984989 -0.005129 -2.014894 -0.001780 0.005519 0.999983 73.537945
0.983996 -0.178190 -0.000578 -7.989198 0.178182 0.983975 -0.006586 -1.997311 0.001742 0.006377 0.999978 74.443853
0.983268 -0.182160 -0.001127 -8.156715 0.182140 0.983222 -0.009950 -1.932809 0.002921 0.009578 0.999950 75.266242
0.983187 -0.182592 -0.001717 -8.323102 0.182561 0.983128 -0.011449 -1.947866 0.003778 0.010944 0.999933 76.080775
0.983280 -0.182095 -0.001431 -8.502134 0.182076 0.983248 -0.008517 -2.123468 0.002958 0.008114 0.999963 76.901527
0.982360 -0.186966 -0.003511 -8.634856 0.186935 0.982342 -0.007686 -2.174516 0.004886 0.006894 0.999964 77.652034
0.982027 -0.188701 -0.003951 -8.826035 0.188657 0.981997 -0.009474 -2.131533 0.005668 0.008558 0.999947 78.431735
0.981861 -0.189536 -0.004948 -8.962051 0.189479 0.981832 -0.010170 -2.101552 0.006785 0.009048 0.999936 79.134997
0.981239 -0.192710 -0.005657 -9.119049 0.192648 0.981217 -0.009946 -2.153823 0.007468 0.008669 0.999935 79.889942
0.981821 -0.189706 -0.006184 -9.266164 0.189624 0.981784 -0.011995 -2.106552 0.008347 0.010604 0.999909 80.627846
0.981563 -0.191015 -0.006941 -9.428589 0.190901 0.981503 -0.014408 -2.104335 0.009565 0.012817 0.999872 81.274707
0.981413 -0.191827 -0.005518 -9.614145 0.191690 0.981266 -0.019277 -2.122713 0.009112 0.017861 0.999799 81.873047
0.981858 -0.189541 -0.005314 -9.750897 0.189393 0.981678 -0.020955 -2.243781 0.009189 0.019568 0.999766 82.538297
0.981359 -0.192138 -0.004082 -9.931778 0.191986 0.981098 -0.024238 -2.276367 0.008662 0.023002 0.999698 83.149809
0.981625 -0.190813 -0.001643 -10.117418 0.190708 0.981308 -0.025798 -2.298897 0.006535 0.025011 0.999666 83.734843
0.981323 -0.192351 0.002418 -10.320073 0.192349 0.980990 -0.025689 -2.316640 0.002569 0.025674 0.999667 84.272231
0.980700 -0.195369 0.007606 -10.490271 0.195496 0.980426 -0.023371 -2.387115 -0.002891 0.024407 0.999698 84.816057
0.980047 -0.198234 0.014552 -10.646887 0.198512 0.979872 -0.021072 -2.409276 -0.010082 0.023540 0.999672 85.303238
0.980389 -0.195746 0.022826 -10.720272 0.196173 0.980399 -0.018248 -2.415824 -0.018807 0.022368 0.999573 85.916484
0.982181 -0.185218 0.031864 -10.658812 0.185756 0.982484 -0.014821 -2.399387 -0.028561 0.020476 0.999382 86.641609
0.981365 -0.187027 0.044080 -10.710307 0.187555 0.982220 -0.008132 -2.543464 -0.041776 0.016248 0.998995 87.130824
0.980955 -0.185970 0.056059 -10.633302 0.186717 0.982378 -0.008340 -2.464227 -0.053520 0.018648 0.998393 87.752678
0.980039 -0.186159 0.069769 -10.562277 0.187089 0.982318 -0.006983 -2.462253 -0.067235 0.019897 0.997539 88.314787
0.978404 -0.186467 0.089191 -10.599582 0.187817 0.982180 -0.006911 -2.457401 -0.086312 0.023514 0.995991 88.748125
0.975251 -0.189476 0.113950 -10.748351 0.191594 0.981443 -0.007833 -2.417980 -0.110351 0.029471 0.993456 89.050364
0.971668 -0.193158 0.136200 -10.656194 0.195772 0.980632 -0.005933 -2.456817 -0.132416 0.032429 0.990664 89.501200
0.966687 -0.196941 0.163492 -10.655139 0.200049 0.979782 -0.002601 -2.468467 -0.159674 0.035221 0.986541 89.874208
0.960725 -0.198962 0.193447 -10.663710 0.202442 0.979293 0.001813 -2.447966 -0.189802 0.037419 0.981109 90.201375
0.952526 -0.202874 0.227014 -10.732804 0.206892 0.978344 0.006216 -2.383710 -0.223359 0.041047 0.973872 90.437373
0.942114 -0.206576 0.264096 -10.820008 0.210949 0.977423 0.012015 -2.339703 -0.260616 0.044391 0.964421 90.603243
0.930286 -0.210594 0.300364 -10.739955 0.213922 0.976599 0.022163 -2.413357 -0.298003 0.043637 0.953567 90.878270
0.915452 -0.218419 0.337996 -10.691804 0.220808 0.974796 0.031880 -2.400934 -0.336441 0.045448 0.940607 91.095327
0.899275 -0.220201 0.377911 -10.648488 0.221389 0.974327 0.040905 -2.381861 -0.377217 0.046880 0.924938 91.358637
0.880370 -0.219098 0.420648 -10.622618 0.218308 0.974561 0.050714 -2.347699 -0.421059 0.047184 0.905805 91.589255
0.859520 -0.216945 0.462775 -10.494087 0.213049 0.975109 0.061423 -2.344202 -0.464581 0.045799 0.884345 91.836106
0.832033 -0.220200 0.509150 -10.695712 0.211472 0.974436 0.075849 -2.379275 -0.512836 0.044562 0.857329 91.784761
0.802070 -0.218731 0.555734 -10.819850 0.206219 0.974718 0.086010 -2.418168 -0.560497 0.045617 0.826899 91.813032
0.775226 -0.214459 0.594165 -10.430167 0.199431 0.975590 0.091926 -2.346512 -0.599376 0.047231 0.799073 92.133149
0.743056 -0.211964 0.634775 -10.274289 0.193536 0.976048 0.099371 -2.337041 -0.640634 0.049014 0.766280 92.335046
0.707282 -0.202889 0.677191 -10.259073 0.182019 0.977899 0.102875 -2.320186 -0.683097 0.050500 0.728580 92.448530
0.669068 -0.199739 0.715857 -10.054302 0.174138 0.978527 0.110274 -2.294084 -0.722512 0.050877 0.689484 92.644969
0.624244 -0.195499 0.756373 -9.849007 0.164785 0.979350 0.117133 -2.255646 -0.763653 0.051519 0.643568 92.872557
0.574091 -0.195916 0.795007 -9.615837 0.157558 0.979239 0.127541 -2.234402 -0.803489 0.052040 0.593040 93.120462
0.532174 -0.201015 0.822426 -9.309796 0.150104 0.978418 0.142013 -2.220632 -0.833222 0.047874 0.550862 93.253191
0.492632 -0.200968 0.846715 -9.002633 0.146423 0.978240 0.146994 -2.120180 -0.857831 0.051565 0.511339 93.328313
0.447263 -0.200987 0.871527 -8.733830 0.138093 0.978258 0.154732 -2.050116 -0.883677 0.051146 0.465294 93.414645
0.398126 -0.202230 0.894762 -8.422009 0.132263 0.977860 0.162161 -1.968930 -0.907746 0.053783 0.416059 93.528068
0.345797 -0.204838 0.915678 -8.100790 0.126277 0.977162 0.170905 -1.892049 -0.929773 0.056531 0.363766 93.634124
0.295820 -0.204555 0.933085 -7.908600 0.106678 0.977767 0.180530 -1.882231 -0.949269 0.046135 0.311064 93.660235
0.247320 -0.201066 0.947842 -7.730630 0.089930 0.978773 0.184161 -1.874794 -0.964751 0.039693 0.260152 93.667170
0.196897 -0.197312 0.960364 -7.484818 0.082140 0.979416 0.184385 -1.829464 -0.976977 0.042580 0.209052 93.695287
0.151904 -0.195605 0.968847 -7.203100 0.070931 0.979852 0.186706 -1.790100 -0.985847 0.040360 0.162718 93.702043
0.110155 -0.195580 0.974482 -6.927062 0.068794 0.979597 0.188830 -1.742720 -0.991531 0.046238 0.121362 93.710224
0.072713 -0.194880 0.978128 -6.594064 0.066173 0.979506 0.190235 -1.687372 -0.995155 0.050893 0.084118 93.756880
0.042082 -0.193074 0.980281 -6.270489 0.064759 0.979614 0.190163 -1.617533 -0.997013 0.055480 0.053728 93.762847
0.015452 -0.194851 0.980711 -5.937395 0.057203 0.979394 0.193688 -1.551306 -0.998243 0.053106 0.026280 93.757885
-0.007475 -0.199405 0.979889 -5.601739 0.043131 0.978940 0.199541 -1.499676 -0.999041 0.043755 0.001283 93.751491
-0.029821 -0.203727 0.978573 -5.160316 0.034425 0.978219 0.204702 -1.410802 -0.998962 0.039792 -0.022158 93.762311
-0.052394 -0.206344 0.977076 -4.783566 0.031730 0.977582 0.208152 -1.352088 -0.998122 0.041909 -0.044672 93.731575
-0.072889 -0.205268 0.975988 -4.467155 0.034756 0.977474 0.208176 -1.296604 -0.996734 0.049095 -0.064113 93.684667
-0.090460 -0.202347 0.975127 -4.057295 0.036170 0.977828 0.206263 -1.211494 -0.995243 0.053929 -0.081135 93.638260
-0.104423 -0.197293 0.974767 -3.632256 0.033521 0.978871 0.201714 -1.130728 -0.993968 0.053739 -0.095603 93.602517
-0.114329 -0.193216 0.974472 -3.191980 0.029061 0.979834 0.197689 -1.039652 -0.993018 0.050921 -0.106408 93.562091
-0.121208 -0.193504 0.973583 -2.710084 0.030125 0.979646 0.198460 -0.946531 -0.992170 0.053384 -0.112912 93.523050
-0.125093 -0.196955 0.972399 -2.292352 0.032821 0.978740 0.202461 -0.887014 -0.991602 0.057242 -0.115969 93.464045
-0.124496 -0.198259 0.972211 -1.753578 0.035890 0.978293 0.204095 -0.777525 -0.991571 0.060302 -0.114678 93.386278
-0.122607 -0.198912 0.972318 -1.273490 0.035312 0.978215 0.204571 -0.684382 -0.991827 0.059417 -0.112912 93.345518
-0.120197 -0.199052 0.972590 -0.722050 0.032116 0.978400 0.204210 -0.576465 -0.992230 0.055781 -0.111208 93.288232
-0.119262 -0.198372 0.972844 -0.216295 0.031813 0.978571 0.203440 -0.485294 -0.992353 0.055212 -0.110395 93.250550
-0.117516 -0.198250 0.973081 0.225294 0.031376 0.978640 0.203172 -0.414490 -0.992575 0.054408 -0.108786 93.179240
-0.117239 -0.198193 0.973126 0.873011 0.031015 0.978675 0.203059 -0.269142 -0.992619 0.053988 -0.108592 93.141468
-0.116308 -0.199485 0.972974 1.444530 0.029847 0.978478 0.204182 -0.158306 -0.992765 0.052788 -0.107851 93.085877
-0.116160 -0.200917 0.972697 1.975736 0.030930 0.978120 0.205731 -0.058112 -0.992749 0.053983 -0.107404 93.036159
-0.116477 -0.203392 0.972144 2.584202 0.031262 0.977571 0.208273 0.054305 -0.992701 0.054650 -0.107506 92.962855
-0.117127 -0.205487 0.971626 3.181632 0.028493 0.977262 0.210113 0.172969 -0.992708 0.052295 -0.108609 92.908816
-0.118457 -0.206566 0.971236 3.824385 0.027509 0.977064 0.211160 0.300435 -0.992578 0.051731 -0.110058 92.864802
-0.122274 -0.207114 0.970646 4.660478 0.032605 0.976618 0.212495 0.499551 -0.991961 0.057631 -0.112662 92.853528
-0.122311 -0.209343 0.970163 5.253483 0.032068 0.976158 0.214680 0.595668 -0.991974 0.057368 -0.112681 92.736018
-0.122829 -0.210832 0.969775 5.826523 0.028221 0.976037 0.215768 0.699680 -0.992027 0.053871 -0.113936 92.664245
-0.123116 -0.206563 0.970657 6.501563 0.025540 0.977114 0.211177 0.835566 -0.992064 0.050790 -0.115023 92.597736
-0.124264 -0.202121 0.971445 7.148706 0.026414 0.978013 0.206866 0.965334 -0.991898 0.051366 -0.116193 92.529294
-0.126383 -0.200072 0.971596 7.946799 0.026829 0.978402 0.204963 1.120750 -0.991619 0.051971 -0.118286 92.488327
-0.126876 -0.202415 0.971046 8.621692 0.022625 0.978112 0.206844 1.256022 -0.991660 0.048214 -0.119520 92.420246
-0.127766 -0.206919 0.969980 9.320550 0.019038 0.977303 0.210989 1.390224 -0.991622 0.045424 -0.120927 92.367955
-0.126874 -0.212357 0.968921 9.883399 0.017658 0.976176 0.216260 1.501509 -0.991762 0.044547 -0.120101 92.269216
-0.126164 -0.218389 0.967672 10.567551 0.013400 0.975002 0.221791 1.636045 -0.991919 0.040949 -0.120084 92.189075
-0.126916 -0.219386 0.967348 11.275909 0.012729 0.974794 0.222745 1.776046 -0.991832 0.040583 -0.120925 92.156105
-0.126015 -0.212895 0.968915 11.847427 0.014505 0.976201 0.216383 1.890254 -0.991922 0.041322 -0.119928 92.066774
-0.125218 -0.202349 0.971275 12.500026 0.016756 0.978409 0.205996 2.017322 -0.991988 0.042069 -0.119124 91.990065
-0.125545 -0.196032 0.972527 13.194343 0.025108 0.979342 0.200647 2.178245 -0.991770 0.049609 -0.118030 91.925530
-0.123980 -0.202766 0.971347 14.123896 0.021164 0.978136 0.206885 2.292247 -0.992059 0.046208 -0.116978 91.827787
-0.123732 -0.209157 0.970023 14.826503 0.024801 0.976577 0.213734 2.449922 -0.992006 0.050503 -0.115647 91.747162
-0.123654 -0.212281 0.969354 15.491925 0.025600 0.975843 0.216968 2.575778 -0.991995 0.051644 -0.115233 91.681064
-0.123732 -0.211646 0.969483 16.176134 0.024350 0.976048 0.216187 2.712013 -0.992017 0.050356 -0.115615 91.615054
-0.125171 -0.210004 0.969655 16.875355 0.023257 0.976452 0.214479 2.862275 -0.991863 0.049398 -0.117339 91.569434
-0.126210 -0.210307 0.969454 17.521204 0.020792 0.976494 0.214541 2.991345 -0.991786 0.047234 -0.118871 91.492353
-0.127737 -0.211075 0.969088 18.221463 0.017389 0.976465 0.214974 3.113598 -0.991656 0.044311 -0.121060 91.401023
-0.129355 -0.211449 0.968791 18.882316 0.014048 0.976511 0.215010 3.228849 -0.991499 0.041422 -0.123346 91.328212
-0.130765 -0.211773 0.968531 19.534599 0.010613 0.976565 0.214962 3.349328 -0.991357 0.038388 -0.125453 91.251929
-0.132668 -0.211984 0.968226 20.141147 0.010070 0.976522 0.215180 3.488614 -0.991109 0.038298 -0.127418 91.191180
-0.134242 -0.213117 0.967760 20.776184 0.009195 0.976290 0.216271 3.614692 -0.990906 0.037931 -0.129099 91.102489
-0.136043 -0.213142 0.967503 21.444939 0.007148 0.976346 0.216096 3.748649 -0.990677 0.036314 -0.131302 91.024858
-0.137799 -0.211888 0.967530 22.108182 0.007359 0.976603 0.214923 3.889578 -0.990433 0.036737 -0.133016 90.945275
-0.139401 -0.211685 0.967345 22.797420 0.007096 0.976645 0.214743 4.028255 -0.990211 0.036800 -0.134643 90.876432
-0.140398 -0.212327 0.967060 23.348529 0.009864 0.976386 0.215806 4.153567 -0.990046 0.039838 -0.134988 90.780258
-0.142093 -0.212498 0.966775 24.054145 0.012780 0.976210 0.216450 4.295218 -0.989771 0.043112 -0.135997 90.698544
-0.143135 -0.213054 0.966499 24.689007 0.011059 0.976149 0.216819 4.422164 -0.989641 0.041723 -0.137365 90.618434
-0.144019 -0.213982 0.966163 25.310703 0.009138 0.976012 0.217525 4.549201 -0.989533 0.040157 -0.138609 90.543380
-0.144259 -0.215656 0.965754 25.924768 0.006595 0.975732 0.218870 4.662090 -0.989518 0.037943 -0.139336 90.456028
-0.145061 -0.216233 0.965505 26.534532 0.005848 0.975622 0.219378 4.780206 -0.989405 0.037469 -0.140261 90.382866
-0.144410 -0.214148 0.966067 27.068679 0.002798 0.976209 0.216815 4.894183 -0.989514 0.034013 -0.140375 90.289139
-0.248804 -0.191860 0.949361 37.248659 -0.013803 0.980787 0.194593 5.767303 -0.968456 0.035311 -0.246672 90.460857
-0.144815 -0.210656 0.966774 28.202420 -0.001123 0.977108 0.212740 5.112197 -0.989458 0.029723 -0.141736 90.175208
-0.145323 -0.210108 0.966817 28.738871 0.001075 0.977157 0.212516 5.196077 -0.989384 0.031922 -0.141778 90.106005
-0.145668 -0.210003 0.966788 29.179813 0.002863 0.977118 0.212678 5.286592 -0.989329 0.033748 -0.141734 90.051357
-0.145477 -0.211492 0.966493 29.572784 -0.000120 0.976889 0.213748 5.352691 -0.989362 0.030979 -0.142140 89.983974
-0.144069 -0.212805 0.966415 29.987852 -0.007729 0.976815 0.213943 5.431082 -0.989538 0.023353 -0.142373 89.910392
-0.144381 -0.212357 0.966467 30.659649 -0.006644 0.976887 0.213654 5.559706 -0.989500 0.024426 -0.142455 89.854806
-0.144768 -0.213381 0.966184 31.215552 -0.005001 0.976615 0.214936 5.673910 -0.989453 0.026284 -0.142450 89.779163
-0.145429 -0.214649 0.965803 31.717804 -0.005104 0.976331 0.216220 5.764341 -0.989355 0.026515 -0.143083 89.704996
-0.147648 -0.215928 0.965181 32.265617 -0.010609 0.976167 0.216762 5.873891 -0.988983 0.021765 -0.146420 89.621928
-0.151585 -0.216966 0.964338 32.821186 -0.016500 0.976031 0.217003 5.978687 -0.988306 0.016983 -0.151532 89.541051
-0.158952 -0.211890 0.964280 33.410434 -0.012778 0.977058 0.212592 6.105020 -0.987204 0.021470 -0.158013 89.464079
-0.165212 -0.209462 0.963758 33.831029 -0.013141 0.977568 0.210211 6.194416 -0.986170 0.022065 -0.164259 89.379045
-0.171878 -0.207508 0.963015 34.366995 -0.014323 0.977986 0.208178 6.301487 -0.985014 0.021988 -0.171066 89.291194
-0.176971 -0.208398 0.961900 34.848626 -0.019776 0.977882 0.208223 6.409899 -0.984017 0.017827 -0.177178 89.205631
-0.181620 -0.209323 0.960832 35.366080 -0.020862 0.977682 0.209050 6.510696 -0.983148 0.017923 -0.181933 89.098849
-0.185047 -0.208449 0.960368 35.825310 -0.023876 0.977911 0.207656 6.622992 -0.982440 0.015496 -0.185936 89.004974
-0.188496 -0.209290 0.959514 36.394050 -0.026928 0.977762 0.207980 6.735884 -0.981705 0.013366 -0.189940 88.904667
-0.191166 -0.213141 0.958137 37.009578 -0.028550 0.976934 0.211626 6.846768 -0.981142 0.013101 -0.192841 88.796729
-0.192841 -0.215879 0.957188 37.612366 -0.027868 0.976309 0.214577 6.973252 -0.980834 0.014704 -0.194289 88.665923
-0.194969 -0.218218 0.956226 38.354340 -0.026525 0.975752 0.217266 7.115450 -0.980451 0.016997 -0.196030 88.556315
-0.195711 -0.218442 0.956023 38.965312 -0.028422 0.975730 0.217126 7.246222 -0.980250 0.015322 -0.197169 88.441113
-0.196682 -0.214755 0.956659 39.590617 -0.026437 0.976524 0.213779 7.370766 -0.980111 0.016755 -0.197743 88.319621
-0.197876 -0.210783 0.957296 40.154740 -0.021257 0.977299 0.210794 7.483630 -0.979997 0.021362 -0.197865 88.197545
-0.200497 -0.204895 0.958029 40.783829 -0.012382 0.978337 0.206647 7.616622 -0.979616 0.029570 -0.198690 88.073566
-0.200707 -0.203871 0.958203 41.295750 -0.012250 0.978552 0.205635 7.724712 -0.979575 0.029534 -0.198900 87.941408
-0.200472 -0.206049 0.957786 41.902793 -0.014226 0.978142 0.207450 7.854484 -0.979596 0.027962 -0.199022 87.817871
-0.200556 -0.210146 0.956878 42.440818 -0.011883 0.977173 0.212113 7.972958 -0.979610 0.031169 -0.198475 87.716165
-0.201085 -0.212226 0.956308 43.030569 -0.010384 0.976656 0.214558 8.080639 -0.979519 0.033214 -0.198594 87.599258
-0.202116 -0.213002 0.955918 43.598723 -0.011481 0.976511 0.215163 8.187323 -0.979294 0.032513 -0.199814 87.494678
-0.203300 -0.212521 0.955774 44.120060 -0.013920 0.976688 0.214211 8.290311 -0.979018 0.030244 -0.201519 87.405830
-0.205547 -0.212143 0.955377 44.745077 -0.015811 0.976815 0.213501 8.409451 -0.978519 0.028779 -0.204136 87.296591
-0.207985 -0.212455 0.954780 45.331755 -0.015803 0.976728 0.213897 8.510641 -0.978004 0.029399 -0.206502 87.194085
-0.208946 -0.212320 0.954600 45.741955 -0.016007 0.976758 0.213745 8.598973 -0.977796 0.029381 -0.207488 87.078497
-0.211121 -0.210800 0.954459 46.490116 -0.010919 0.976916 0.213345 8.779575 -0.977399 0.034620 -0.208549 86.921305
-0.211772 -0.210563 0.954367 47.088924 -0.013059 0.977037 0.212667 8.904025 -0.977232 0.032574 -0.209659 86.787172
-0.213343 -0.209224 0.954311 47.736975 -0.013883 0.977350 0.211171 9.030847 -0.976879 0.031803 -0.211416 86.679977
-0.213640 -0.209648 0.954152 48.217636 -0.016540 0.977338 0.211039 9.120412 -0.976772 0.029305 -0.212266 86.577033
-0.214645 -0.209572 0.953943 48.836939 -0.017924 0.977389 0.210690 9.243629 -0.976528 0.028125 -0.213548 86.445100
-0.216248 -0.211034 0.953258 49.486836 -0.017060 0.977028 0.212426 9.368481 -0.976189 0.029674 -0.214881 86.337539
-0.216637 -0.213120 0.952706 49.942944 -0.019513 0.976631 0.214035 9.467093 -0.976057 0.027778 -0.215733 86.235182
-0.217967 -0.215496 0.951867 50.604023 -0.023497 0.976194 0.215623 9.600765 -0.975673 0.024633 -0.217841 86.122587
-0.220200 -0.215831 0.951278 51.162641 -0.021729 0.976058 0.216424 9.717602 -0.975213 0.026986 -0.219618 85.996402
-0.222245 -0.214600 0.951080 51.785850 -0.019405 0.976257 0.215747 9.857753 -0.974798 0.029492 -0.221132 85.858759
-0.224835 -0.213527 0.950713 52.402463 -0.020694 0.976520 0.214430 9.980263 -0.974177 0.028537 -0.223975 85.745507
-0.226930 -0.208838 0.951257 53.006782 -0.014090 0.977341 0.211203 10.128241 -0.973809 0.034525 -0.224730 85.609257
-0.227623 -0.204028 0.952134 53.592932 -0.010438 0.978258 0.207131 10.263414 -0.973693 0.037209 -0.224804 85.479697
-0.228742 -0.200428 0.952631 54.198709 -0.010023 0.979009 0.203571 10.378608 -0.973435 0.037016 -0.225949 85.339239
-0.229263 -0.199155 0.952773 54.820135 -0.007643 0.979183 0.202836 10.504293 -0.973335 0.039220 -0.226012 85.212196
-0.229586 -0.199785 0.952563 55.408727 -0.004307 0.978905 0.204271 10.613479 -0.973279 0.042795 -0.225604 85.076637
-0.230025 -0.201473 0.952101 55.971368 -0.003132 0.978484 0.206299 10.731475 -0.973180 0.044472 -0.225707 84.977287
-0.228784 -0.204117 0.951837 56.526394 -0.007218 0.978099 0.208013 10.827060 -0.973451 0.040719 -0.225246 84.856444
-0.226663 -0.205997 0.951940 57.219759 -0.005743 0.977643 0.210192 10.973780 -0.973956 0.042176 -0.222778 84.702123
-0.225128 -0.208648 0.951726 57.826465 -0.003534 0.976970 0.213346 11.107291 -0.974323 0.044667 -0.220681 84.564284
-0.223836 -0.211756 0.951345 58.427673 -0.003362 0.976274 0.216514 11.231779 -0.974621 0.045265 -0.219237 84.440924
-0.224020 -0.213006 0.951022 59.218985 -0.005245 0.976073 0.217381 11.347383 -0.974570 0.043709 -0.219777 84.370315
-0.222489 -0.209289 0.952206 59.966939 -0.002821 0.976821 0.214040 11.463170 -0.974931 0.044935 -0.217923 84.181737
-0.221093 -0.203468 0.953792 60.578533 -0.002369 0.978104 0.208106 11.583723 -0.975250 0.043751 -0.216734 84.067416
-0.219137 -0.200128 0.954949 61.186764 -0.005051 0.978958 0.204001 11.731789 -0.975681 0.039881 -0.215537 83.944355
-0.217539 -0.202289 0.954859 61.932110 -0.005870 0.978541 0.205968 11.888641 -0.976034 0.039201 -0.214058 83.796132
-0.217481 -0.205158 0.954260 62.544191 -0.002914 0.977793 0.209553 11.973899 -0.976060 0.042793 -0.213249 83.706539
-0.217307 -0.206375 0.954037 63.314287 -0.002552 0.977510 0.210872 12.131493 -0.976100 0.043389 -0.212946 83.554189
-0.216306 -0.208266 0.953854 63.913096 -0.003716 0.977152 0.212511 12.220350 -0.976319 0.042423 -0.212138 83.434127
-0.216235 -0.207057 0.954133 64.621024 -0.002847 0.977383 0.211457 12.393988 -0.976337 0.043008 -0.211934 83.309638
-0.216996 -0.209493 0.953428 65.336356 0.000528 0.976675 0.214721 12.479730 -0.976172 0.047097 -0.211824 83.195132
-0.216900 -0.210001 0.953338 66.028827 0.002995 0.976439 0.215771 12.613285 -0.976189 0.049656 -0.211160 83.072460
-0.216770 -0.208893 0.953611 66.652401 0.005065 0.976584 0.215076 12.733532 -0.976210 0.051452 -0.210636 82.948041
-0.216352 -0.206425 0.954243 67.226128 0.007587 0.977008 0.213070 12.859074 -0.976286 0.053338 -0.209812 82.836180
-0.215097 -0.204961 0.954842 67.852304 0.006984 0.977381 0.211372 12.990826 -0.976568 0.052135 -0.208801 82.717617
-0.214022 -0.210699 0.953835 68.522276 0.000830 0.976421 0.215874 13.090565 -0.976828 0.046994 -0.208801 82.611993
-0.213516 -0.213359 0.953356 69.189975 -0.003551 0.976023 0.217637 13.211906 -0.976933 0.043084 -0.209155 82.502620
-0.213211 -0.212985 0.953508 69.705359 -0.004498 0.976153 0.217037 13.328669 -0.976996 0.041986 -0.209085 82.377125
-0.214490 -0.209270 0.954044 70.312244 -0.009101 0.977163 0.212295 13.447382 -0.976684 0.036852 -0.211496 82.279369
-0.216624 -0.207490 0.953951 71.038763 -0.010635 0.977597 0.210218 13.571761 -0.976197 0.035393 -0.213978 82.192829
-0.217901 -0.207104 0.953744 71.662847 -0.009204 0.977618 0.210186 13.689786 -0.975927 0.037022 -0.214930 82.090267
-0.219209 -0.207091 0.953447 72.268208 -0.006796 0.977515 0.210756 13.816174 -0.975654 0.039720 -0.215688 81.984324
-0.220022 -0.207238 0.953228 72.982486 -0.005540 0.977423 0.211219 13.912954 -0.975479 0.041192 -0.216203 81.832379
-0.221220 -0.204995 0.953435 73.667895 -0.003458 0.977816 0.209435 13.999500 -0.975218 0.043034 -0.217021 81.707234
-0.221169 -0.204767 0.953496 74.216603 -0.004985 0.977933 0.208858 14.085562 -0.975223 0.041439 -0.217309 81.568257
-0.219355 -0.205317 0.953797 75.013049 -0.006222 0.977881 0.209071 14.184506 -0.975625 0.039926 -0.215780 81.286555
-0.220016 -0.204388 0.953844 75.571218 -0.008217 0.978158 0.207702 14.387662 -0.975462 0.037860 -0.216889 81.128777
-0.224569 -0.204149 0.952834 76.309335 -0.011812 0.978307 0.206823 14.504922 -0.974387 0.035191 -0.222108 81.040308
-0.226832 -0.202886 0.952567 76.861475 -0.011942 0.978567 0.205580 14.574325 -0.973861 0.035257 -0.224394 80.894942
-0.230141 -0.201277 0.952115 77.496770 -0.012968 0.978924 0.203810 14.710144 -0.973071 0.034559 -0.227901 80.780431
-0.234392 -0.202665 0.950782 78.080375 -0.013067 0.978597 0.205373 14.777362 -0.972054 0.035714 -0.232024 80.686863
-0.238413 -0.205098 0.949260 78.673584 -0.012794 0.978024 0.208099 14.845244 -0.971080 0.037469 -0.235798 80.594061
-0.241774 -0.204643 0.948508 79.283375 -0.011127 0.978028 0.208176 14.930478 -0.970269 0.039777 -0.238739 80.479933
-0.241850 -0.200797 0.949310 79.924770 -0.016735 0.979071 0.202828 15.062539 -0.970169 0.033167 -0.240149 80.306195
-0.242654 -0.192761 0.950769 80.483454 -0.017591 0.980774 0.194354 15.210399 -0.969953 0.030436 -0.241379 80.164389
-0.246402 -0.189790 0.950403 81.083332 -0.013661 0.981221 0.192403 15.317489 -0.969071 0.034425 -0.244367 80.029574
-0.249938 -0.192424 0.948949 81.591281 -0.013465 0.980650 0.195306 15.398432 -0.968168 0.036037 -0.247693 79.909402
-0.253284 -0.200326 0.946423 82.164032 -0.014623 0.979005 0.203309 15.497739 -0.967281 0.037655 -0.250896 79.789541
-0.256267 -0.203022 0.945045 82.796514 -0.016803 0.978482 0.205649 15.593776 -0.966460 0.036822 -0.254163 79.672498
-0.257480 -0.200872 0.945174 83.437843 -0.017144 0.978950 0.203379 15.682942 -0.966132 0.036162 -0.255504 79.502908
-0.259957 -0.198200 0.945060 84.013221 -0.021122 0.979641 0.199643 15.794624 -0.965389 0.031937 -0.258851 79.376145
-0.263007 -0.196281 0.944617 84.664527 -0.021065 0.980022 0.197772 15.897928 -0.964564 0.032117 -0.261887 79.240413
-0.266763 -0.191059 0.944634 85.280360 -0.016392 0.980911 0.193767 16.023089 -0.963623 0.036205 -0.264802 79.114332
-0.270411 -0.189840 0.943843 85.854494 -0.021595 0.981316 0.191190 16.057755 -0.962503 0.031317 -0.269458 79.021847
-0.271963 -0.188933 0.943579 86.478252 -0.023127 0.981537 0.189867 16.134835 -0.962030 0.029815 -0.271312 78.820885
-0.273222 -0.189804 0.943040 86.966505 -0.021147 0.981289 0.191376 16.274791 -0.961718 0.032345 -0.272124 78.653273
-0.279028 -0.193131 0.940661 87.593635 -0.018597 0.980470 0.195788 16.376506 -0.960103 0.037137 -0.277171 78.508448
-0.284743 -0.195251 0.938509 88.156061 -0.018502 0.979974 0.198264 16.460917 -0.958425 0.039090 -0.282653 78.338752
-0.289375 -0.196627 0.936803 88.773082 -0.020943 0.979741 0.199171 16.573375 -0.956987 0.038016 -0.287631 78.136868
-0.299844 -0.195321 0.933779 89.278775 -0.020793 0.979922 0.198296 16.680861 -0.953762 0.040041 -0.297885 78.057639
-0.308413 -0.197567 0.930510 89.744296 -0.027957 0.979654 0.198735 16.736209 -0.950842 0.035278 -0.307662 77.876029
-0.320437 -0.196961 0.926567 90.324406 -0.030738 0.979792 0.197645 16.842417 -0.946771 0.034852 -0.320015 77.710914
-0.333260 -0.196436 0.922145 90.871349 -0.032133 0.979853 0.197116 16.941624 -0.942287 0.036059 -0.332858 77.551797
-0.345344 -0.195907 0.917801 91.382935 -0.031402 0.979834 0.197333 17.044169 -0.937951 0.039327 -0.344531 77.368796
-0.356955 -0.197543 0.912995 91.907795 -0.034390 0.979500 0.198487 17.121312 -0.933488 0.039453 -0.356431 77.183275
-0.368576 -0.197891 0.908290 92.448535 -0.030436 0.979124 0.200973 17.196506 -0.929099 0.046429 -0.366904 76.999154
-0.379159 -0.197337 0.904045 93.004819 -0.028599 0.979028 0.201710 17.296814 -0.924890 0.050626 -0.376851 76.799651
-0.385980 -0.197813 0.901049 93.492231 -0.028875 0.978851 0.202525 17.385797 -0.922055 0.052153 -0.383529 76.558091
-0.392612 -0.198160 0.898103 94.011116 -0.029348 0.978715 0.203117 17.482505 -0.919236 0.053389 -0.390071 76.352397
-0.397723 -0.199679 0.895514 94.496826 -0.026416 0.978118 0.206366 17.587345 -0.917125 0.058421 -0.394295 76.140446
-0.402616 -0.199486 0.893368 95.034086 -0.019198 0.977590 0.209641 17.726726 -0.915168 0.067254 -0.397423 75.933013
-0.405904 -0.200312 0.891694 95.548336 -0.014939 0.977008 0.212676 17.831070 -0.913794 0.073005 -0.399564 75.719078
-0.407372 -0.201728 0.890704 96.037841 -0.012343 0.976427 0.215497 17.930640 -0.913179 0.076793 -0.400259 75.500355
-0.408245 -0.196542 0.891463 96.533069 -0.009629 0.977421 0.211083 18.033528 -0.912821 0.077590 -0.400920 75.293670
-0.407533 -0.194685 0.892197 97.005540 -0.011151 0.977998 0.208314 18.120487 -0.913122 0.074946 -0.400738 75.092804
-0.407972 -0.195606 0.891794 97.552861 -0.008876 0.977583 0.210362 18.221869 -0.912951 0.077906 -0.400563 74.858145
-0.407589 -0.197349 0.891586 98.011258 -0.008189 0.977119 0.212537 18.316446 -0.913129 0.079327 -0.399879 74.665438
-0.407233 -0.196750 0.891881 98.591465 -0.001010 0.976618 0.214982 18.459718 -0.913324 0.086647 -0.397909 74.457508
-0.406945 -0.196599 0.892045 99.087319 -0.000800 0.976641 0.214878 18.563167 -0.913453 0.086730 -0.397596 74.256541
-0.405078 -0.194311 0.893395 99.587875 0.001334 0.977028 0.213105 18.670337 -0.914281 0.087516 -0.395513 74.044067
-0.402447 -0.192329 0.895012 100.074989 0.004560 0.977248 0.212051 18.772635 -0.915432 0.089421 -0.392413 73.864638
-0.398536 -0.193459 0.896517 100.521170 0.006914 0.976839 0.213865 18.863651 -0.917126 0.091432 -0.387968 73.680872
-0.390254 -0.400578 0.828999 108.363910 0.114293 0.872352 0.475330 20.320430 -0.913586 0.280248 -0.294656 74.420925
-0.518958 -0.113904 0.847177 111.941571 -0.188939 0.981854 0.016272 20.611138 -0.833657 -0.151620 -0.531062 73.676422
-0.533822 -0.100757 0.839572 111.753549 -0.118160 0.992023 0.043924 20.741053 -0.837301 -0.075756 -0.541469 73.635183
-0.940839 0.086252 0.327693 147.866502 -0.338651 -0.272852 -0.900482 -12.812698 0.011743 -0.958182 0.285919 91.292348
-0.483332 0.181574 -0.856400 -4616.106744 -0.608934 0.633098 0.477897 3476.361413 0.628959 0.752474 -0.195430 -3339.434605
-0.899104 -0.419438 0.125234 252.880333 -0.224767 0.196874 -0.954317 -228.295400 0.375622 -0.886178 -0.271286 13.150393
-0.939028 -0.226976 0.258279 202.441595 0.025172 -0.794524 -0.606710 -42.638716 0.342918 -0.563217 0.751794 174.458713
-0.688950 0.410650 -0.597256 -28.706065 0.608447 0.775460 -0.168683 -148.056280 0.393878 -0.479613 -0.784112 -193.168182
-0.488311 0.693088 -0.530265 76.145561 0.407374 0.718408 0.563859 45.360714 0.771751 0.059323 -0.633152 -6.482248
-0.929646 0.164291 -0.329798 101.487922 0.352065 0.132105 -0.926606 -339.791220 -0.108665 -0.977526 -0.180652 89.770484
-0.968831 0.111032 -0.221446 144.189127 0.226953 0.039532 -0.973103 -306.382364 -0.099291 -0.993030 -0.063499 122.039332
-0.579241 0.747272 0.325675 267.264325 -0.011042 -0.406681 0.913504 414.441034 0.815081 0.525543 0.243818 23.790884
-0.651211 0.749105 0.121515 188.023859 0.010465 -0.151241 0.988441 372.670057 0.758824 0.644956 0.090651 -19.507832
-0.998217 0.029613 0.051826 200.763807 -0.046772 -0.927489 -0.370912 -20.711903 0.037084 -0.372675 0.927221 290.552826
-0.458660 0.660327 0.594642 511.038573 -0.121786 -0.709578 0.694023 566.033797 0.880227 0.245901 0.405873 138.163348
-0.282952 -0.516464 0.808210 -541.190123 -0.694826 0.691250 0.198468 -124.959734 -0.661177 -0.505408 -0.554444 224.741970
-0.246818 -0.406908 0.879492 -603.023248 -0.661463 0.734003 0.153965 -85.645042 -0.708200 -0.543751 -0.450320 161.988173
