1.000000 0.000000 0.000000 0.000000 0.000000 1.000000 0.000000 0.000000 0.000000 0.000000 1.000000 0.000000
0.999997 -0.001655 -0.002052 0.008874 0.001654 0.999998 -0.000773 -0.013761 0.002053 0.000770 0.999998 0.503293
0.999990 -0.002251 -0.003764 0.009818 0.002242 0.999995 -0.002193 -0.026737 0.003769 0.002185 0.999991 0.994483
0.999975 -0.002688 -0.006524 0.014776 0.002665 0.999990 -0.003587 -0.037595 0.006534 0.003570 0.999972 1.495298
0.999940 -0.004877 -0.009775 0.037735 0.004825 0.999974 -0.005291 -0.050653 0.009800 0.005244 0.999938 1.997053
0.999900 -0.007045 -0.012235 0.048919 0.006960 0.999952 -0.006933 -0.069808 0.012283 0.006847 0.999901 2.489160
0.999861 -0.009304 -0.013863 0.020649 0.009203 0.999930 -0.007384 -0.080829 0.013930 0.007255 0.999877 3.027675
0.999855 -0.008607 -0.014726 -0.016308 0.008502 0.999938 -0.007183 -0.089004 0.014787 0.007057 0.999866 3.520624
0.999830 -0.009226 -0.015980 -0.028572 0.009096 0.999925 -0.008188 -0.085664 0.016054 0.008041 0.999839 4.032618
0.999825 -0.007861 -0.017001 -0.059260 0.007685 0.999917 -0.010368 -0.116520 0.017081 0.010236 0.999802 4.570671
0.999810 -0.006183 -0.018493 -0.083056 0.005923 0.999883 -0.014075 -0.131406 0.018578 0.013962 0.999730 5.107832
0.999764 -0.005126 -0.021091 -0.080563 0.004762 0.999839 -0.017287 -0.153962 0.021177 0.017182 0.999628 5.669272
0.999722 -0.003410 -0.023333 -0.084872 0.003010 0.999848 -0.017176 -0.167698 0.023388 0.017101 0.999580 6.238754
0.999728 -0.001732 -0.023262 -0.144215 0.001508 0.999953 -0.009614 -0.190062 0.023278 0.009577 0.999683 6.809870
0.999699 -0.000311 -0.024552 -0.178694 0.000324 1.000000 0.000511 -0.198845 0.024551 -0.000519 0.999698 7.399708
0.999663 0.000986 -0.025945 -0.207300 -0.000787 0.999970 0.007696 -0.224953 0.025952 -0.007673 0.999634 8.017499
0.999603 0.002532 -0.028064 -0.221485 -0.002357 0.999978 0.006264 -0.230985 0.028080 -0.006195 0.999586 8.605952
0.999528 0.004415 -0.030414 -0.247203 -0.004446 0.999990 -0.000927 -0.235284 0.030409 0.001062 0.999537 9.235506
0.999503 0.002719 -0.031403 -0.289902 -0.002952 0.999969 -0.007359 -0.226452 0.031382 0.007448 0.999480 9.868381
0.999504 -0.000479 -0.031475 -0.352170 0.000280 0.999980 -0.006344 -0.218057 0.031478 0.006332 0.999484 10.522255
0.999513 -0.007362 -0.030311 -0.436785 0.007393 0.999972 0.000923 -0.168325 0.030303 -0.001147 0.999540 11.229393
0.999323 -0.006743 -0.036158 -0.318518 0.007104 0.999926 0.009869 -0.211538 0.036089 -0.010120 0.999297 11.795859
0.999173 -0.008252 -0.039826 -0.294026 0.008704 0.999900 0.011174 -0.185005 0.039730 -0.011512 0.999144 12.429736
0.999189 -0.005058 -0.039942 -0.292290 0.005564 0.999906 0.012565 -0.243536 0.039875 -0.012777 0.999123 12.995888
0.999203 -0.005775 -0.039508 -0.334328 0.006182 0.999929 0.010188 -0.248484 0.039447 -0.010424 0.999167 13.656501
0.999147 -0.003254 -0.041170 -0.371333 0.003565 0.999966 0.007467 -0.261267 0.041144 -0.007607 0.999124 14.447485
0.999227 -0.009554 -0.038134 -0.521248 0.009572 0.999954 0.000272 -0.229680 0.038129 -0.000637 0.999273 15.321057
0.999064 -0.013941 -0.040955 -0.453640 0.013664 0.999882 -0.007027 -0.214158 0.041048 0.006460 0.999136 15.968378
0.998988 -0.012002 -0.043336 -0.428569 0.011487 0.999861 -0.012104 -0.234394 0.043475 0.011594 0.998987 16.658219
0.999149 -0.014011 -0.038797 -0.591591 0.013429 0.999794 -0.015206 -0.209533 0.039002 0.014672 0.999131 17.515922
0.999411 -0.011890 -0.032176 -0.785976 0.011495 0.999857 -0.012425 -0.284754 0.032319 0.012047 0.999405 18.425408
0.998825 -0.012043 -0.046937 -0.554776 0.011344 0.999821 -0.015136 -0.275080 0.047111 0.014586 0.998783 19.000715
0.998908 -0.009888 -0.045670 -0.654069 0.009054 0.999789 -0.018435 -0.282936 0.045843 0.018002 0.998786 19.854122
0.998878 -0.006837 -0.046865 -0.720904 0.005937 0.999796 -0.019305 -0.302383 0.046987 0.019005 0.998715 20.667248
0.998903 -0.006418 -0.046376 -0.806492 0.005403 0.999744 -0.021981 -0.290115 0.046505 0.021707 0.998682 21.518700
0.998893 -0.004967 -0.046776 -0.892600 0.003992 0.999773 -0.020912 -0.326319 0.046869 0.020702 0.998686 22.352106
0.998806 -0.005388 -0.048548 -0.955234 0.004365 0.999767 -0.021139 -0.348651 0.048651 0.020902 0.998597 23.173151
0.998743 -0.004607 -0.049906 -1.040555 0.003579 0.999780 -0.020669 -0.367642 0.049990 0.020465 0.998540 23.995370
0.998624 -0.002866 -0.052369 -1.114022 0.001964 0.999849 -0.017260 -0.403417 0.052411 0.017134 0.998479 24.826011
0.998577 -0.001808 -0.053299 -1.216523 0.000911 0.999858 -0.016846 -0.413784 0.053322 0.016773 0.998436 25.660875
0.998579 0.000009 -0.053290 -1.346192 -0.001061 0.999805 -0.019710 -0.429739 0.053279 0.019739 0.998385 26.514628
0.998625 0.005294 -0.052149 -1.503153 -0.006251 0.999815 -0.018209 -0.472963 0.052043 0.018510 0.998473 27.385153
0.998424 -0.005828 -0.055821 -1.560914 0.005053 0.999889 -0.014020 -0.602579 0.055896 0.013716 0.998342 28.338610
0.998331 -0.001340 -0.057733 -1.693908 0.000363 0.999857 -0.016923 -0.550793 0.057748 0.016874 0.998189 29.270487
0.998226 0.002221 -0.059489 -1.855689 -0.003114 0.999884 -0.014933 -0.556027 0.059449 0.015091 0.998117 30.195922
0.998218 0.009694 -0.058874 -2.053931 -0.010563 0.999840 -0.014467 -0.556652 0.058724 0.015063 0.998161 31.164859
0.998448 0.013988 -0.053904 -2.335410 -0.015175 0.999650 -0.021678 -0.498088 0.053582 0.022462 0.998311 32.145717
0.998280 0.012696 -0.057236 -2.325852 -0.013785 0.999731 -0.018675 -0.552086 0.056983 0.019432 0.998186 32.764472
0.998207 0.003567 -0.059744 -2.425814 -0.004735 0.999800 -0.019423 -0.542399 0.059663 0.019671 0.998025 33.519166
0.998304 0.010531 -0.057253 -2.610593 -0.011722 0.999721 -0.020502 -0.564110 0.057021 0.021138 0.998149 34.302152
0.997930 0.016226 -0.062223 -2.705049 -0.017329 0.999702 -0.017216 -0.601366 0.061925 0.018259 0.997914 35.013256
0.997301 0.017301 -0.071355 -2.752923 -0.018735 0.999635 -0.019485 -0.594727 0.070992 0.020769 0.997261 35.689148
0.997469 0.019325 -0.068420 -2.988894 -0.021014 0.999490 -0.024051 -0.574456 0.067920 0.025428 0.997367 36.483954
0.997437 0.021970 -0.068092 -3.176495 -0.024075 0.999252 -0.030255 -0.580403 0.067376 0.031817 0.997220 37.185117
0.997418 0.020938 -0.068700 -3.408241 -0.023834 0.998849 -0.041617 -0.561316 0.067749 0.043147 0.996769 37.941940
0.998139 0.022551 -0.056650 -3.785972 -0.025212 0.998591 -0.046695 -0.560840 0.055517 0.048037 0.997302 38.744511
0.994863 0.016968 -0.099794 -3.445473 -0.019172 0.999592 -0.021167 -0.804239 0.099394 0.022971 0.994783 39.775762
0.994649 0.010153 -0.102807 -3.660440 -0.013673 0.999342 -0.033587 -0.659447 0.102399 0.034813 0.994134 40.611205
0.923260 -0.313240 -0.222424 -5.037222 0.348235 0.926867 0.140179 -0.634593 0.162248 -0.206877 0.964820 44.316308
0.915940 -0.307572 -0.257785 -6.761487 0.334709 0.939875 0.067865 -0.620500 0.221413 -0.148443 0.963816 46.997103
-0.544177 0.119755 -0.830379 -13.884885 -0.225975 -0.974103 0.007608 0.438139 -0.807964 0.191785 0.557147 59.269894
-0.548354 0.205359 -0.810639 -13.694183 -0.282608 -0.957853 -0.051483 0.159356 -0.787045 0.200862 0.583279 59.398437
-0.637148 0.319503 -0.701399 -13.089966 -0.160515 -0.945084 -0.284696 -1.715282 -0.753842 -0.068808 0.653443 60.261717
-0.644591 0.256261 -0.720300 -12.928259 -0.177121 -0.966574 -0.185373 -0.951111 -0.743727 0.008091 0.668434 60.047538
-0.662013 0.248717 -0.707021 -12.669584 -0.185498 -0.968357 -0.166961 -0.804237 -0.726175 0.020621 0.687201 60.027535
0.992974 -0.075217 -0.091351 6588.684013 0.090296 0.980578 0.174110 -5327.010592 0.076480 -0.181135 0.980480 -36616.094074
-0.477789 -0.797735 -0.367882 -1598.944299 -0.445753 -0.140701 0.884029 5084.835326 -0.756982 0.586363 -0.288368 -1209.624307
-0.546346 -0.095706 -0.832073 -12.866694 -0.332601 -0.886969 0.320409 2.277456 -0.768688 0.451803 0.452760 57.995261
-0.717606 0.189613 -0.670141 -11.779050 -0.210557 -0.976263 -0.050759 0.090647 -0.663858 0.104678 0.740496 59.616082
-0.355554 -0.612340 -0.706131 -2765.059188 0.045857 -0.766017 0.641182 2937.320647 -0.933530 0.195594 0.300440 1818.422793
-0.640727 -0.240020 -0.729287 -1019.863163 0.042232 -0.959458 0.278670 582.675604 -0.766606 0.147752 0.624887 1311.698210
-0.503787 -0.448708 -0.738146 -1832.319960 0.091790 -0.877475 0.470757 1437.211643 -0.858937 0.169406 0.483248 1763.896216
-0.204461 0.569088 -0.796451 4742.972393 0.307336 0.809817 0.499741 -2662.941880 0.929376 -0.142600 -0.340477 2696.285662
-0.189785 0.645285 -0.739992 4325.117293 0.272940 0.758657 0.591560 -3157.767202 0.943125 -0.089704 -0.320106 2551.181862
-0.186777 0.607201 -0.772283 4334.752828 0.277042 0.786766 0.551586 -2777.201373 0.942529 -0.110931 -0.315170 2443.794529
-0.180529 0.608474 -0.772767 4236.217940 0.272195 0.785898 0.555224 -2716.087051 0.945156 -0.110110 -0.307501 2349.298398
-0.162948 0.627512 -0.761365 4061.574087 0.258363 0.771890 0.580892 -2775.185794 0.952206 -0.102053 -0.287904 2188.538843
-0.169306 0.621019 -0.765291 3992.114192 0.268933 0.776144 0.570329 -2648.850443 0.948162 -0.109252 -0.298419 2205.335052
-0.168156 0.623343 -0.763654 3857.724863 0.273482 0.773775 0.571384 -2560.092245 0.947064 -0.112764 -0.300588 2158.456768
-0.204347 0.638225 -0.742234 3770.558251 0.295741 0.763053 0.574706 -2575.663799 0.933156 -0.102070 -0.344677 2387.033182
-0.205858 0.648064 -0.733237 3653.295053 0.305637 0.754381 0.580944 -2546.238102 0.929628 -0.104512 -0.353367 2387.360020
-0.257364 0.641448 -0.722709 3634.693268 0.335839 0.760655 0.555532 -2442.872797 0.906077 -0.099740 -0.411189 2704.878709
-0.255634 0.642503 -0.722386 3555.174307 0.333413 0.759962 0.557937 -2420.558035 0.907462 -0.098225 -0.408491 2650.441409
-0.290260 0.608721 -0.738382 3534.301045 0.358507 0.784578 0.505875 -2111.226146 0.887255 -0.117880 -0.445963 2777.371833
-0.313939 0.631469 -0.709006 3341.487759 0.369726 0.769122 0.521301 -2138.593948 0.874497 -0.098481 -0.474928 2874.598116
-0.326067 0.635053 -0.700277 3233.924010 0.378289 0.766520 0.518985 -2059.002115 0.866359 -0.095684 -0.490170 2885.155692
-0.332217 0.629258 -0.702614 3165.048190 0.380501 0.771030 0.510619 -1947.493465 0.863047 -0.097709 -0.495583 2843.872847
-0.337552 0.632368 -0.697258 3053.015173 0.385530 0.768633 0.510461 -1883.223870 0.858735 -0.096506 -0.503251 2804.231969
-0.363007 0.630125 -0.686417 2943.488964 0.405198 0.770119 0.492677 -1775.508475 0.839071 -0.099290 -0.534884 2894.064003
-0.378185 0.629985 -0.678303 2831.882424 0.413828 0.770484 0.484872 -1694.983417 0.828083 -0.097329 -0.552091 2905.047768
-0.394655 0.631542 -0.667384 2708.444806 0.424275 0.769526 0.477305 -1612.342931 0.815008 -0.094784 -0.571645 2915.406458
-0.413952 0.630079 -0.656996 2588.894089 0.438443 0.770509 0.462692 -1502.322163 0.797754 -0.096523 -0.595208 2936.250868
-0.433564 0.630960 -0.643360 2457.348444 0.450996 0.770039 0.451268 -1403.420604 0.780144 -0.094499 -0.618421 2949.781609
-0.458863 0.633803 -0.622686 2299.938393 0.464322 0.768567 0.440125 -1299.997136 0.757529 -0.087170 -0.646956 2967.225587
-0.482364 0.635099 -0.603303 2151.721160 0.476456 0.768157 0.427697 -1204.568288 0.735061 -0.081141 -0.673128 2977.271217
-0.511105 0.635676 -0.578522 1978.993656 0.491072 0.768370 0.410434 -1092.928480 0.705422 -0.074321 -0.704881 2976.682297
-0.495991 0.647591 -0.578463 1962.126083 0.488333 0.758877 0.430855 -1152.287105 0.718000 -0.068782 -0.692636 2898.102705
-0.511073 0.641170 -0.572456 1877.951522 0.492875 0.764239 0.415948 -1066.467923 0.704187 -0.069570 -0.706598 2856.807909
-0.526365 0.644066 -0.555084 1771.296967 0.503555 0.762172 0.406849 -1002.957272 0.685107 -0.065364 -0.725504 2838.796962
-0.539141 0.640917 -0.546400 1693.507606 0.509411 0.764795 0.394447 -930.806024 0.670691 -0.065680 -0.738823 2798.769049
-0.533363 0.650275 -0.540987 1651.464753 0.509412 0.757496 0.408288 -951.112748 0.675295 -0.057820 -0.735278 2734.156529
-0.538451 0.650000 -0.536255 1604.633808 0.510374 0.757945 0.406248 -918.342807 0.670514 -0.054946 -0.739860 2691.984294
-0.558332 0.647350 -0.518848 1496.912045 0.524154 0.760026 0.384219 -811.556243 0.643062 -0.057434 -0.763658 2663.914955
-0.572148 0.644451 -0.507277 1422.109486 0.530705 0.762483 0.370096 -742.764118 0.625299 -0.057465 -0.778267 2631.432387
-0.579576 0.641284 -0.502838 1371.122263 0.535287 0.764842 0.358448 -689.065749 0.614459 -0.061415 -0.786555 2584.607994
-0.589476 0.637857 -0.495638 1307.599540 0.540060 0.767485 0.345400 -639.138035 0.600711 -0.064070 -0.796895 2542.762854
-0.590451 0.633593 -0.499927 1283.779669 0.538399 0.770681 0.340849 -617.895774 0.601243 -0.067905 -0.796175 2486.409022
-0.606768 0.631302 -0.483001 1193.931007 0.544318 0.772815 0.326304 -561.738601 0.579267 -0.064916 -0.812549 2447.568546
-0.613115 0.629189 -0.477714 1146.276735 0.545219 0.774615 0.320479 -530.401825 0.571686 -0.063968 -0.817975 2400.039400
-0.622713 0.627727 -0.467106 1085.010720 0.546686 0.776142 0.314226 -492.109036 0.559788 -0.059688 -0.826483 2362.019149
-0.626366 0.626850 -0.463384 1044.501538 0.543775 0.777283 0.316449 -472.742330 0.558546 -0.053764 -0.827729 2316.220684
-0.635117 0.624596 -0.454430 981.530082 0.546785 0.779098 0.306645 -418.822501 0.545575 -0.053720 -0.836338 2269.196311
-0.636698 0.624654 -0.452133 939.240516 0.547804 0.779064 0.304910 -383.697132 0.542703 -0.053545 -0.838216 2222.575389
-0.639119 0.626306 -0.446395 887.013264 0.549305 0.777956 0.305039 -350.788090 0.538323 -0.050251 -0.841239 2183.050818
-0.638879 0.627466 -0.445107 841.692225 0.550583 0.777027 0.305101 -317.695852 0.537301 -0.050146 -0.841898 2136.770185
-0.634336 0.631746 -0.445551 806.216296 0.548317 0.773961 0.316753 -315.355456 0.544946 -0.043375 -0.837348 2104.761758
-0.631556 0.631241 -0.450191 770.274262 0.547386 0.774234 0.317694 -284.705534 0.549095 -0.045786 -0.834505 2059.110673
-0.626215 0.633752 -0.454107 728.726649 0.545608 0.772284 0.325405 -269.841475 0.556926 -0.043991 -0.829397 2020.958940
-0.614620 0.643678 -0.455983 685.368653 0.542644 0.764557 0.347838 -284.125524 0.572521 -0.033648 -0.819200 1985.275995
-0.610477 0.638030 -0.469292 646.923367 0.543985 0.768418 0.337067 -224.403621 0.575671 -0.049516 -0.816181 1940.082358
-0.591478 0.655175 -0.469999 600.332326 0.547041 0.754288 0.363038 -231.133971 0.592368 -0.042380 -0.804552 1899.488393
-0.579221 0.654498 -0.485938 574.941751 0.542766 0.754413 0.369143 -198.025810 0.608201 -0.049935 -0.792211 1858.185603
-0.568757 0.636112 -0.521418 581.715662 0.522552 0.769015 0.368177 -165.511085 0.635181 -0.063065 -0.769785 1817.965405
-0.548532 0.640398 -0.537589 556.066079 0.514111 0.765371 0.387165 -155.877016 0.659395 -0.064008 -0.749067 1781.155477
-0.538950 0.618549 -0.571778 545.501897 0.494024 0.781909 0.380208 -105.764132 0.682256 -0.077559 -0.726988 1737.324710
-0.499873 0.611718 -0.613130 589.806793 0.464215 0.786880 0.406602 -130.166475 0.731185 -0.081375 -0.677308 1743.271884
-0.475159 0.615393 -0.628900 568.689890 0.452270 0.783910 0.425366 -118.184162 0.754768 -0.082316 -0.650806 1733.481183
-0.441479 0.608607 -0.659313 564.937930 0.426450 0.788823 0.442604 -104.920504 0.789453 -0.085764 -0.607789 1684.957330
-0.411813 0.609926 -0.677053 553.792817 0.408157 0.787741 0.461381 -95.625974 0.814751 -0.086341 -0.573347 1675.597050
-0.381682 0.609377 -0.694966 541.488582 0.388159 0.788050 0.477817 -84.059739 0.838839 -0.087383 -0.537320 1666.859867
-0.348199 0.608942 -0.712704 531.450432 0.365354 0.788317 0.495049 -77.153420 0.863292 -0.088014 -0.496971 1657.710913
-0.314835 0.606964 -0.729708 521.994463 0.341904 0.789716 0.509362 -71.830690 0.885427 -0.089125 -0.456154 1651.575499
-0.262142 0.614747 -0.743887 447.325339 0.343399 0.779812 0.523422 -34.427812 0.901864 -0.118239 -0.415525 1641.795964
-0.237187 0.604065 -0.760820 451.044000 0.305825 0.789778 0.531715 -26.116988 0.922070 -0.106562 -0.372063 1640.283929
-0.200731 0.604342 -0.771024 432.102214 0.277689 0.789863 0.546814 -20.836577 0.939466 -0.104343 -0.326369 1637.936430
-0.160270 0.600337 -0.783523 416.565754 0.243307 0.793319 0.558074 -8.865095 0.956617 -0.101194 -0.273212 1630.475986
-0.123188 0.597381 -0.792440 400.518236 0.206343 0.796489 0.568356 5.509595 0.970694 -0.093500 -0.221383 1627.777386
-0.077784 0.596344 -0.798952 378.558197 0.171637 0.797425 0.578494 25.232984 0.982085 -0.092132 -0.164382 1621.078683
-0.017217 0.595030 -0.803519 354.340672 0.143356 0.796804 0.586986 49.973174 0.989521 -0.105083 -0.099020 1608.041336
0.022293 0.598023 -0.801169 333.193976 0.105125 0.795523 0.596734 61.566976 0.994209 -0.097526 -0.045133 1611.220219
0.070332 0.596137 -0.799796 308.813958 0.069137 0.796941 0.600088 85.498728 0.995125 -0.097500 0.014835 1610.334900
0.124845 0.593972 -0.794740 291.656323 0.039675 0.797377 0.602175 103.905603 0.991383 -0.106710 0.075983 1613.024851
0.172301 0.593485 -0.786186 278.288259 -0.006661 0.798806 0.601552 115.492529 0.985022 -0.098412 0.141588 1611.479778
0.216618 0.587618 -0.779603 264.674049 -0.051254 0.804308 0.591998 129.939148 0.974910 -0.088279 0.204345 1610.946369
0.289692 0.582361 -0.759562 269.945486 -0.086080 0.806228 0.585309 122.052931 0.953241 -0.104176 0.283687 1596.420316
0.327276 0.582577 -0.743972 258.315878 -0.120911 0.806678 0.578491 129.262295 0.937161 -0.099372 0.334446 1598.895360
0.363963 0.577109 -0.731079 249.380914 -0.139364 0.809820 0.569885 138.766394 0.920928 -0.105532 0.375173 1604.190523
0.396151 0.572704 -0.717687 242.619152 -0.151058 0.811637 0.564293 145.043222 0.905674 -0.115133 0.408042 1609.021295
0.421183 0.570445 -0.705123 239.393514 -0.173134 0.813715 0.554880 149.351427 0.890298 -0.111625 0.441486 1608.852866
0.450237 0.570846 -0.686601 230.766123 -0.179890 0.811172 0.556453 153.133996 0.874601 -0.127023 0.467909 1613.312637
0.468478 0.573528 -0.672007 169.922740 -0.213707 0.811618 0.543697 203.370991 0.857238 -0.111098 0.502792 1627.364883
0.488309 0.573860 -0.657449 153.624531 -0.228650 0.811190 0.538228 220.862935 0.842184 -0.112495 0.527324 1633.162138
0.507259 0.577457 -0.639711 129.099950 -0.255626 0.809716 0.528219 238.088014 0.823009 -0.104418 0.558349 1638.003170
0.517918 0.589609 -0.619776 116.521823 -0.268172 0.799907 0.536873 226.458064 0.812308 -0.111850 0.572403 1645.942580
0.539049 0.582706 -0.608178 94.676794 -0.285167 0.805683 0.519186 251.847671 0.792532 -0.106434 0.600471 1650.950907
0.549718 0.577936 -0.603159 85.903711 -0.299000 0.810335 0.503940 263.364153 0.780006 -0.096680 0.618259 1655.069308
0.553144 0.580919 -0.597130 70.046046 -0.308517 0.808648 0.500905 268.650123 0.773853 -0.092848 0.626522 1669.764867
0.554077 0.571913 -0.604908 62.650514 -0.305175 0.815605 0.491586 290.866357 0.774510 -0.087773 0.626442 1696.437158
0.556723 0.579827 -0.594861 52.227323 -0.304262 0.808665 0.503473 289.406330 0.772971 -0.099301 0.626622 1712.609534
0.547004 0.594283 -0.589588 40.055006 -0.309057 0.797905 0.517524 287.765801 0.777991 -0.100871 0.620125 1731.814446
0.537285 0.600545 -0.592174 31.632468 -0.312472 0.793901 0.521615 291.631308 0.783381 -0.095218 0.614205 1750.656561
0.558584 0.578789 -0.594127 2.251147 -0.308876 0.809923 0.498618 331.562053 0.769792 -0.095009 0.631184 1758.226797
0.546161 0.604051 -0.580371 -23.941681 -0.336279 0.792656 0.508540 333.552244 0.767219 -0.082578 0.636048 1773.118242
0.537781 0.613667 -0.578104 -38.113889 -0.345134 0.785857 0.513139 338.728922 0.769204 -0.076433 0.634416 1791.358781
0.542024 0.602038 -0.586310 -48.289110 -0.335111 0.794660 0.506178 358.707359 0.770656 -0.077882 0.632474 1812.199623
0.541644 0.603012 -0.585660 -65.544954 -0.338197 0.794159 0.504910 374.026766 0.769574 -0.075413 0.634089 1832.062411
0.541588 0.600069 -0.588727 -81.021683 -0.334216 0.796301 0.504186 389.686510 0.771350 -0.076299 0.631820 1854.816793
0.539296 0.604417 -0.586378 -100.095004 -0.339739 0.793292 0.505237 403.091339 0.770544 -0.073257 0.633163 1877.410049
0.543852 0.592502 -0.594278 -111.968412 -0.331604 0.802264 0.496399 422.673883 0.770885 -0.072902 0.632789 1901.065351
0.541868 0.590274 -0.598294 -130.771807 -0.328700 0.803999 0.495522 439.050334 0.773522 -0.071848 0.629684 1935.323270
0.532023 0.598684 -0.598774 -140.920465 -0.347132 0.799218 0.490663 457.256097 0.772303 -0.053190 0.633024 1951.851927
0.543184 0.599267 -0.588073 -159.121900 -0.347093 0.798029 0.492621 465.950396 0.764511 -0.063468 0.641479 1957.758661
0.541297 0.600953 -0.588092 -175.080033 -0.353267 0.797234 0.489511 480.568550 0.763020 -0.057217 0.643837 1980.110133
0.538758 0.599909 -0.591480 -190.398372 -0.359506 0.798666 0.482586 494.293863 0.761902 -0.047356 0.645958 2001.290969
0.534234 0.599540 -0.595941 -207.041064 -0.362422 0.799341 0.479274 507.296708 0.763704 -0.040062 0.644322 2029.132363
0.538319 0.595822 -0.595995 -222.758402 -0.360613 0.802051 0.476102 519.093212 0.761690 -0.041371 0.646620 2050.409968
0.530814 0.597368 -0.601155 -237.552567 -0.366084 0.801366 0.473070 532.512077 0.764342 -0.031039 0.644063 2079.099599
0.526606 0.600848 -0.601388 -253.732572 -0.365784 0.798739 0.477722 544.179143 0.767391 -0.031593 0.640401 2108.197003
0.486984 0.636244 -0.598364 -268.094582 -0.373280 0.770982 0.515993 530.249107 0.789625 -0.027922 0.612953 2155.506534
0.475817 0.648519 -0.594155 -290.255466 -0.378423 0.760752 0.527307 539.728885 0.793974 -0.026060 0.607393 2188.928450
0.465260 0.654404 -0.596060 -317.618829 -0.384984 0.755957 0.529450 558.262264 0.797070 -0.016858 0.603652 2221.271500
0.441791 0.678006 -0.587476 -351.925426 -0.426452 0.734847 0.527388 556.196718 0.789278 0.017535 0.613786 2235.144093
0.423630 0.686549 -0.590921 -387.197774 -0.456710 0.725248 0.515200 572.623427 0.782274 0.051625 0.620791 2257.354570
0.388497 0.710016 -0.587322 -421.286958 -0.508561 0.696737 0.505889 575.437680 0.768398 0.102152 0.631766 2275.402794
0.358613 0.730576 -0.581081 -462.133069 -0.552958 0.667773 0.498314 594.221852 0.752086 0.142611 0.643450 2297.261915
0.309456 0.761357 -0.569713 -507.750516 -0.613875 0.617503 0.491779 604.703505 0.726219 0.197549 0.658468 2318.102025
0.386830 0.739144 -0.551388 -514.409926 -0.586800 0.658558 0.471134 637.817798 0.711356 0.141306 0.688480 2331.775339
-0.243964 0.623321 -0.742935 -833.610247 -0.607208 0.499151 0.618180 875.846452 0.756161 0.601930 0.256711 2632.493196
0.763544 -0.625275 -0.161342 -657.415417 -0.419592 -0.290474 -0.859981 1638.190917 0.490859 0.724331 -0.484150 3235.826714
0.716178 -0.599868 0.356718 -1016.955301 0.101801 -0.415862 -0.903712 1347.088292 0.690454 0.683532 -0.236764 2842.991295
0.781038 -0.609713 0.135020 -909.243611 -0.100423 -0.336023 -0.936485 1508.915955 0.616356 0.717871 -0.323676 2976.466720
0.771958 -0.617073 0.152645 -917.663878 -0.103991 -0.359488 -0.927337 1477.312522 0.627109 0.699992 -0.341680 2980.248610
0.761838 -0.598810 0.247039 -956.348688 0.005741 -0.375114 -0.926961 1388.101257 0.647742 0.707613 -0.282339 2895.831442
0.752915 -0.598946 0.272733 -965.513283 0.035330 -0.377031 -0.925526 1363.711863 0.657169 0.706478 -0.262711 2876.520996
0.764753 -0.593938 0.249783 -950.450321 0.025362 -0.359617 -0.932755 1367.913236 0.643824 0.719662 -0.259955 2879.705099
0.757406 -0.591839 0.275792 -955.396747 0.054026 -0.364131 -0.929780 1335.791505 0.650705 0.719121 -0.243820 2859.509903
0.747130 -0.589515 0.307032 -960.829077 0.087435 -0.370744 -0.924610 1297.650606 0.658902 0.717649 -0.225450 2838.262813
0.748389 -0.586063 0.310554 -955.611584 0.099375 -0.363860 -0.926137 1280.507352 0.655773 0.723972 -0.214068 2827.987095
0.727595 -0.590322 0.349464 -964.069481 0.113531 -0.398776 -0.909994 1238.401722 0.676548 0.701782 -0.223128 2824.147263
0.733703 -0.582370 0.350036 -954.981875 0.134563 -0.380417 -0.914973 1222.096600 0.666013 0.718420 -0.200748 2809.820510
0.728477 -0.580168 0.364317 -956.489694 0.142803 -0.391514 -0.909024 1205.155478 0.670021 0.714228 -0.202359 2807.236960
0.729733 -0.576017 0.368367 -949.586151 0.163345 -0.376289 -0.911989 1188.130575 0.663934 0.725680 -0.180501 2793.119728
0.729933 -0.584831 0.353796 -948.989030 0.133263 -0.385912 -0.912860 1200.220982 0.670402 0.713474 -0.203753 2806.968186
0.729778 -0.581644 0.359325 -945.814931 0.142686 -0.384423 -0.912063 1186.979179 0.668629 0.716874 -0.197551 2801.211614
0.728975 -0.580724 0.362430 -941.966135 0.144772 -0.386687 -0.910777 1175.958587 0.669057 0.716403 -0.197812 2797.820932
0.729517 -0.579247 0.363701 -938.218761 0.146407 -0.387179 -0.910306 1167.533851 0.668109 0.717332 -0.197648 2794.936874
0.731856 -0.575522 0.364913 -935.495766 0.146429 -0.390167 -0.909026 1160.321724 0.665541 0.718710 -0.201273 2794.632298
0.733310 -0.571447 0.368382 -931.264103 0.156338 -0.385578 -0.909334 1148.271762 0.661676 0.724415 -0.193409 2788.291790
0.736250 -0.571169 0.362907 -927.117293 0.151297 -0.383770 -0.910950 1144.047589 0.659580 0.725594 -0.196135 2788.827257
0.732957 -0.573172 0.366399 -923.749679 0.154143 -0.384663 -0.910096 1132.365219 0.662582 0.723538 -0.193591 2785.123213
0.736538 -0.567382 0.368225 -920.412705 0.159059 -0.383839 -0.909598 1123.171791 0.657429 0.728523 -0.192465 2782.679580
0.739799 -0.564881 0.365524 -917.304532 0.157372 -0.382921 -0.910278 1117.879796 0.654165 0.730946 -0.194388 2782.231265
0.736886 -0.569862 0.363670 -914.074585 0.152186 -0.384312 -0.910573 1111.136479 0.658664 0.726334 -0.196469 2781.862489
0.737700 -0.568790 0.363699 -910.399005 0.155225 -0.381383 -0.911292 1102.802470 0.657042 0.728715 -0.193056 2779.421972
0.743319 -0.561212 0.364030 -906.498442 0.161244 -0.377826 -0.911728 1095.765812 0.649212 0.736403 -0.190353 2777.738552
0.745648 -0.554456 0.369578 -902.779783 0.173107 -0.374411 -0.910961 1085.879372 0.643462 0.743233 -0.183199 2774.341347
0.741591 -0.557061 0.373800 -898.997929 0.172849 -0.379723 -0.908809 1078.141555 0.648203 0.738575 -0.185311 2773.467395
0.615215 -0.585908 0.527469 -906.232807 0.311120 -0.434325 -0.845320 1001.894545 0.724372 0.684159 -0.084915 2730.223775
0.676248 -0.569914 0.466783 -900.060127 0.262223 -0.405911 -0.875486 1026.322889 0.688424 0.714447 -0.125052 2747.033106
0.661685 -0.564555 0.493407 -896.943931 0.299618 -0.404149 -0.864230 1009.218574 0.687315 0.719682 -0.098268 2738.337602
0.657148 -0.564168 0.499871 -892.812118 0.310424 -0.401756 -0.861527 1000.869760 0.686873 0.721322 -0.088881 2736.066164
0.651372 -0.567588 0.503546 -888.874266 0.312447 -0.404120 -0.859688 993.244474 0.691442 0.717308 -0.085892 2735.082051
-0.307331 0.824034 0.475937 212.076052 0.946114 0.318234 0.059955 552.529341 -0.102054 0.468717 -0.877434 556.320124
0.213556 -0.053206 0.975481 814.129728 0.974062 -0.064863 -0.216784 180.995719 0.074806 0.996475 0.037974 2597.640113
-0.487807 0.410255 -0.770542 -2239.621426 0.872522 0.256832 -0.415624 -340.078494 0.027388 -0.875059 -0.483241 1838.599903
0.074656 -0.810969 0.580306 33507826.329207 0.080967 0.584939 0.807026 35272721.794215 -0.993917 -0.013264 0.109331 9765468.218985
0.189098 -0.955076 -0.228191 -932305.737706 -0.866408 -0.271647 0.418981 2362075.677428 -0.462146 0.118478 -0.878854 -3924083.967381
0.214824 -0.861662 -0.459770 -755085.035078 -0.739199 -0.451124 0.500072 1171783.410314 -0.638306 0.232434 -0.733852 -1149121.723158
-0.196430 -0.949632 -0.244160 -1633509.563113 -0.692791 -0.041797 0.719926 12582485.915435 -0.693870 0.310566 -0.649686 -9252398.474684
-0.040104 -0.930663 -0.363672 -2397269.399387 -0.768065 -0.204090 0.606980 6531086.072049 -0.639115 0.303666 -0.706625 -6070748.696308
-0.028986 -0.932760 -0.359330 -2476657.684663 -0.776598 -0.205313 0.595603 6660493.902046 -0.629330 0.296319 -0.718428 -6554701.288121
-0.082569 -0.931916 -0.353151 -2268742.565671 -0.770479 -0.165064 0.615724 6943730.098404 -0.632095 0.322935 -0.704392 -6526748.594536
-0.053021 -0.927812 -0.369261 -1837696.628485 -0.811818 -0.175281 0.556981 5010139.414482 -0.581498 0.329304 -0.743921 -5741272.278152
-0.016581 -0.930583 -0.365705 -1478336.375529 -0.827398 -0.192583 0.527564 3977763.126943 -0.561371 0.311331 -0.766770 -5287962.946586
-0.016804 -0.923138 -0.384102 -1708348.732719 -0.850278 -0.188927 0.491258 2952075.775891 -0.526066 0.334848 -0.781749 -5063385.197882
0.018223 -0.914412 -0.404374 -2157944.528285 -0.835939 -0.235815 0.495578 3330890.522239 -0.548520 0.329001 -0.768690 -5159200.850564
0.011137 -0.922546 -0.385727 -1832877.259780 -0.840478 -0.217623 0.496223 3330890.799107 -0.541731 0.318669 -0.777803 -5244542.428079
-0.042293 -0.921687 -0.385623 -3793613.237775 -0.718388 -0.240186 0.652863 10252844.957863 -0.694356 0.304638 -0.651970 -7473506.292482
-0.020864 -0.918965 -0.393786 -2974165.055507 -0.769719 -0.236596 0.592920 7027797.680673 -0.638042 0.315475 -0.702409 -6357069.809595
-0.035440 -0.928989 -0.368406 -1915060.343687 -0.802276 -0.193363 0.564769 5283259.416292 -0.595900 0.315578 -0.738453 -5635373.601217
-0.032818 -0.926103 -0.375840 -2510146.041611 -0.765068 -0.218690 0.605678 7097237.737015 -0.643113 0.307421 -0.701355 -6088465.431975
-0.025937 -0.924986 -0.379116 -2550982.571863 -0.760898 -0.227699 0.607608 7140530.888132 -0.648353 0.304228 -0.697914 -5947186.084563
-0.029783 -0.924891 -0.379064 -2581577.150393 -0.751834 -0.229175 0.618243 7441534.688263 -0.658679 0.303407 -0.688539 -5846066.524259
-0.018394 -0.923495 -0.383170 -2452114.589367 -0.757262 -0.237370 0.608449 6908542.063293 -0.652852 0.301352 -0.694961 -5488699.850093
-0.030473 -0.929207 -0.368300 -1842614.577159 -0.775924 -0.210287 0.594744 5875046.625729 -0.630090 0.303896 -0.714587 -5080181.707761
-0.045613 -0.929184 -0.366792 -1844709.739878 -0.772163 -0.200157 0.603077 6202508.627061 -0.633786 0.310731 -0.708351 -5172709.362298
-0.059377 -0.929317 -0.364477 -1901517.561682 -0.746697 -0.200975 0.634076 7149233.070542 -0.662509 0.309804 -0.681985 -5081415.287953
-0.039386 -0.929709 -0.366183 -1691009.664661 -0.762783 -0.208747 0.612035 6284527.021607 -0.645454 0.303423 -0.700945 -4804637.276051
-0.055953 -0.933236 -0.354880 -1260500.656876 -0.783472 -0.179287 0.595003 5357899.338566 -0.618903 0.311331 -0.721132 -4497145.306279
-0.077599 -0.935408 -0.344950 -1142983.293648 -0.763599 -0.166693 0.623803 5972891.568394 -0.641011 0.311810 -0.701341 -4311487.548051
-0.079820 -0.938290 -0.336511 -977444.781651 -0.760227 -0.161050 0.629379 5864697.246567 -0.644735 0.306062 -0.700459 -4037468.284544
-0.012215 -0.936839 -0.349546 -942607.475388 -0.793730 -0.203523 0.573211 4186947.320019 -0.608148 0.284447 -0.741111 -3616775.042753
0.029127 0.998195 -0.052529 4001793.702953 0.866052 0.001039 0.499953 -10116059.499135 0.499105 -0.060055 -0.864458 18279294.068600
0.009304 0.988875 -0.148455 5372515.429515 0.860945 0.067591 0.504187 -9734680.802022 0.508612 -0.132503 -0.850739 17395786.950016
0.018333 0.987213 -0.158346 5401481.382780 0.843159 0.069851 0.533108 -9799392.811902 0.537352 -0.143284 -0.831097 16542340.291463
0.022857 0.987612 -0.155243 5268659.212357 0.836789 0.066070 0.543525 -9573781.864111 0.547049 -0.142329 -0.824912 15837713.879660
0.028420 0.983245 -0.180059 5553279.626129 0.804348 0.084452 0.588126 -10021070.317816 0.593479 -0.161545 -0.788471 15162398.869944
0.027288 0.990733 -0.133057 4894151.605991 0.782595 0.061641 0.619472 -10206313.322239 0.621933 -0.121034 -0.773660 14668981.351771
0.035366 0.986373 -0.160676 5189563.249789 0.763260 0.077126 0.641472 -10174224.615605 0.645123 -0.145324 -0.750132 13951734.267263
0.037120 0.992137 -0.119526 4659441.331708 0.737307 0.053545 0.673433 -10250345.893749 0.674537 -0.113125 -0.729522 13330816.625996
0.028371 0.987521 -0.154911 5112725.249433 0.800572 0.070351 0.595093 -9522272.251861 0.598565 -0.140901 -0.788585 14158478.168766
0.032706 0.984695 -0.171190 5179248.650871 0.809506 0.074360 0.582384 -9197356.527789 0.586200 -0.157627 -0.794684 13954988.210263
0.038572 0.980908 -0.190607 5286972.798249 0.800591 0.083811 0.593321 -9237707.478587 0.597969 -0.175484 -0.782073 13656750.051629
0.034371 0.981496 -0.188372 5148872.305307 0.803268 0.085013 0.589520 -9031826.515293 0.594625 -0.171576 -0.785482 13437979.390491
0.024162 0.983319 -0.180278 5064904.906115 0.813630 0.085439 0.575071 -8834608.836934 0.580881 -0.160574 -0.797994 13457647.553083
0.007134 0.983182 -0.182492 5046431.431394 0.817007 0.099496 0.567979 -8614057.775984 0.576584 -0.153149 -0.802556 13302244.511776
0.034629 0.981989 -0.185740 5077721.973579 0.815663 0.079621 0.573023 -8468674.711133 0.577491 -0.171344 -0.798214 13129403.701481
0.030160 0.980302 -0.195190 5061939.997382 0.834645 0.082745 0.544538 -8142162.339463 0.549962 -0.179338 -0.815708 13068588.713551
0.043382 0.976929 -0.209111 5122813.172343 0.840776 0.077357 0.535828 -7896421.862448 0.539642 -0.199060 -0.818023 12877155.414161
0.015197 0.980649 -0.195183 5137686.421468 0.816077 0.100627 0.569116 -8363202.084974 0.577744 -0.167934 -0.798755 12986901.058523
0.027864 0.979514 -0.199440 5056577.039993 0.786381 0.101693 0.609314 -8505430.930543 0.617113 -0.173813 -0.767438 12305950.305974
0.016111 0.978228 -0.206908 5072701.724566 0.819702 0.105577 0.562976 -7973207.588214 0.572564 -0.178673 -0.800154 12432679.680345
-0.008274 0.982208 -0.187613 4829493.798489 0.853796 0.104606 0.509990 -7382265.234463 0.520542 -0.155964 -0.839471 12605761.477006
-0.023437 0.981841 -0.188251 4763666.452124 0.862289 0.115137 0.493154 -7115384.038954 0.505874 -0.150768 -0.849329 12518692.750397
-0.034550 0.981077 -0.190510 4797042.519243 0.866325 0.124442 0.483731 -6991327.308805 0.498285 -0.148330 -0.854231 12464852.288520
-0.045156 0.981079 -0.188267 4723392.427307 0.868789 0.131595 0.477377 -6813421.556261 0.493120 -0.142008 -0.858293 12288436.297861
-0.043687 0.983070 -0.177946 4613426.747153 0.866460 0.125950 0.483099 -6805792.982720 0.497332 -0.133078 -0.857293 12194689.267040
-0.043236 0.981517 -0.186425 4609934.645171 0.862293 0.130901 0.489199 -6779784.749428 0.504561 -0.139602 -0.852015 12027070.727938
-0.041072 0.980383 -0.192775 4617611.990858 0.858901 0.133219 0.494511 -6758478.205342 0.510492 -0.145264 -0.847524 11881961.620868
-0.040871 0.979396 -0.197773 4609796.591007 0.854151 0.136948 0.501669 -6711099.758301 0.518417 -0.148424 -0.842149 11684521.637639
-0.044235 0.976684 -0.210074 4674394.703699 0.863991 0.142972 0.482783 -6507150.079542 0.501561 -0.160146 -0.850170 11650239.142085
-0.050035 0.978719 -0.199010 4568575.290477 0.866388 0.141662 0.478857 -6407877.051907 0.496859 -0.148460 -0.855038 11584995.354915
-0.043699 0.978085 -0.203571 4537225.663189 0.861961 0.139929 0.487281 -6369640.528181 0.505087 -0.154176 -0.849186 11445953.702279
-0.046527 0.977068 -0.207781 4538849.141644 0.864304 0.143662 0.482017 -6271457.862053 0.500814 -0.157159 -0.851168 11382674.454242
-0.053497 0.976777 -0.207473 4473291.001328 0.861841 0.150104 0.484457 -6184488.878032 0.504349 -0.152892 -0.849857 11194313.082108
-0.055923 0.976492 -0.208172 4437916.333224 0.858842 0.153377 0.488740 -6105291.481193 0.509179 -0.151455 -0.847229 11010676.327147
-0.058404 0.975989 -0.209845 4390096.663116 0.857553 0.156662 0.489959 -6011322.643258 0.511069 -0.151338 -0.846112 10864497.100119
-0.059357 0.975617 -0.211300 4363241.010309 0.858525 0.157894 0.487857 -5920722.203602 0.509325 -0.152449 -0.846964 10795507.817828
-0.064127 0.975341 -0.211183 4304288.943399 0.855430 0.162707 0.491698 -5843592.307268 0.513934 -0.149121 -0.844769 10607635.509237
-0.056489 0.975111 -0.214401 4283933.944517 0.855434 0.158002 0.493222 -5755743.700853 0.514822 -0.155544 -0.843068 10426124.743334
-0.060776 0.975010 -0.213685 4250062.494042 0.853363 0.161803 0.495571 -5686631.338293 0.517762 -0.152232 -0.841872 10306464.552207
-0.063861 0.975096 -0.212389 4200529.412122 0.850542 0.164505 0.499516 -5610935.569140 0.522015 -0.148746 -0.839866 10165104.876378
-0.063350 0.973796 -0.218423 4162871.981480 0.848817 0.167681 0.501390 -5549294.820053 0.524877 -0.153639 -0.837197 9992051.464160
-0.057932 0.971983 -0.227798 4133937.271188 0.851151 0.167334 0.497534 -5470269.076324 0.521714 -0.165068 -0.836999 9853460.690722
-0.050479 0.971846 -0.230146 4105921.389825 0.848953 0.163132 0.502660 -5410346.795507 0.526052 -0.170010 -0.833286 9741320.121750
-0.046766 0.972166 -0.229580 4072566.306101 0.847605 0.160234 0.505856 -5341749.085392 0.528563 -0.170936 -0.831506 9605964.129332
-0.051241 0.974134 -0.220085 4038439.908421 0.846684 0.159243 0.507708 -5270621.917059 0.529623 -0.160327 -0.832943 9549813.738364
-0.050267 0.974548 -0.218470 4012628.643662 0.846262 0.157729 0.508883 -5202814.438769 0.530390 -0.159303 -0.832652 9454051.790540
-0.056508 0.973639 -0.220984 3987820.673223 0.842275 0.165334 0.513067 -5140800.325936 0.536078 -0.157137 -0.829414 9409356.253383
-0.053945 0.972313 -0.227371 3982125.779747 0.840587 0.167125 0.515250 -5086721.833829 0.538984 -0.163330 -0.826329 9273396.923269
-0.056574 0.971534 -0.230047 3951033.059357 0.837453 0.171626 0.518861 -5015569.683187 0.543573 -0.163300 -0.823324 9165102.215110
-0.037745 0.970971 -0.236200 3938153.828785 0.840337 0.158749 0.518297 -4950997.962905 0.540748 -0.178924 -0.821935 9031780.440559
-0.052108 0.970366 -0.235953 3857788.525079 0.835771 0.171698 0.521543 -4880063.362706 0.546600 -0.170026 -0.819951 8922414.185745
-0.055454 0.968894 -0.241185 3835968.004657 0.840839 0.175580 0.512017 -4765094.130210 0.538437 -0.174404 -0.824420 8844453.214699
-0.059568 0.970460 -0.233794 3770092.564705 0.833689 0.177179 0.523040 -4719037.800189 0.549013 -0.163755 -0.819615 8705257.753536
-0.054384 0.970310 -0.235670 3746174.809048 0.830106 0.175106 0.529397 -4649198.760514 0.554947 -0.166841 -0.814983 8574643.941615
-0.051630 0.970386 -0.235976 3720204.476511 0.828223 0.173636 0.532821 -4570721.212075 0.558016 -0.167931 -0.812661 8470454.104599
-0.049801 0.970119 -0.237463 3692837.092679 0.824006 0.174264 0.539117 -4499901.693968 0.564389 -0.168822 -0.808062 8350043.516011
-0.051791 0.969994 -0.237549 3648982.851859 0.819144 0.177326 0.545490 -4419647.988604 0.571245 -0.166335 -0.803748 8225714.045957
-0.051174 0.969618 -0.239211 3612509.104695 0.814500 0.179125 0.551819 -4332162.557800 0.577902 -0.166598 -0.798921 8113143.587620
-0.048135 0.969495 -0.240338 3578351.820740 0.810230 0.178613 0.558234 -4244820.091585 0.584132 -0.167859 -0.794111 8010912.203359
-0.046891 0.968711 -0.243722 3544782.218973 0.802058 0.181945 0.568857 -4168391.506397 0.595402 -0.168806 -0.785494 7896866.599783
-0.042110 0.968945 -0.243663 3505434.860375 0.797782 0.179427 0.575630 -4076144.719272 0.601473 -0.170150 -0.780563 7792102.766210
-0.036894 0.969282 -0.243169 3467250.937568 0.791954 0.176765 0.584434 -3993109.308394 0.609465 -0.171016 -0.774149 7685481.484441
-0.033717 0.969477 -0.242853 3429291.822685 0.785642 0.175906 0.593148 -3910984.694822 0.617763 -0.170796 -0.767592 7577438.826351
-0.027475 0.969841 -0.242185 3387824.568182 0.781842 0.171813 0.599335 -3821906.140061 0.622870 -0.172884 -0.762983 7469068.865021
-0.021652 0.970133 -0.241604 3352429.479835 0.779450 0.167717 0.603596 -3731413.148779 0.626090 -0.175249 -0.759802 7365614.592604
-0.016929 0.970982 -0.238555 3307096.244157 0.776839 0.162979 0.608242 -3647229.217008 0.629471 -0.175022 -0.757056 7257336.860922
-0.013690 0.971342 -0.237290 3273555.633838 0.775008 0.160257 0.611293 -3555428.070280 0.631803 -0.175533 -0.754993 7149372.389679
-0.007379 0.972640 -0.232201 3241793.096602 0.776369 0.151921 0.611695 -3468698.087688 0.630235 -0.175760 -0.756249 7061367.425359
-0.004031 0.973166 -0.230068 3206373.099723 0.776248 0.148086 0.612788 -3379769.971689 0.630415 -0.176120 -0.756015 6952288.697972
-0.000845 0.973603 -0.228248 3172661.853524 0.776951 0.144335 0.612793 -3293820.105317 0.629561 -0.176819 -0.756563 6852635.429616
-0.003572 0.971414 -0.237364 3143551.230318 0.776728 0.152195 0.611171 -3213894.282027 0.629826 -0.182185 -0.755068 6753431.690832
-0.002862 0.970653 -0.240468 3111825.871659 0.780260 0.152570 0.606561 -3123354.297735 0.625448 -0.185891 -0.757799 6657020.032422
-0.001663 0.971341 -0.237686 3079277.704680 0.780599 0.149822 0.606810 -3060023.747742 0.625030 -0.184528 -0.758477 6578594.458632
-0.001281 0.971189 -0.238308 3060284.655840 0.777864 0.150728 0.610089 -3000740.331736 0.628432 -0.184590 -0.755646 6485807.255367
