1.000000 0.000000 0.000000 0.000000 0.000000 1.000000 0.000000 0.000000 0.000000 0.000000 1.000000 0.000000
0.999997 0.002241 0.000399 0.448284 -0.002241 0.999997 0.000126 0.036116 -0.000399 -0.000127 1.000000 0.091341
0.999996 0.002992 0.000138 0.916463 -0.002992 0.999995 0.000644 0.028448 -0.000136 -0.000644 1.000000 0.183171
0.999991 0.004144 -0.000757 1.383741 -0.004141 0.999986 0.003162 -0.031022 0.000771 -0.003159 0.999995 0.232336
0.999989 0.004766 -0.000383 1.826276 -0.004764 0.999984 0.003120 -0.025103 0.000398 -0.003118 0.999995 0.254454
0.999986 0.005293 -0.000452 2.270379 -0.005292 0.999980 0.003328 -0.032994 0.000470 -0.003325 0.999994 0.299870
0.999982 0.006023 -0.000569 2.715548 -0.006020 0.999973 0.004118 -0.052423 0.000593 -0.004114 0.999991 0.340327
0.999981 0.006119 -0.001204 3.161222 -0.006113 0.999971 0.004480 -0.063817 0.001231 -0.004473 0.999989 0.384553
0.999977 0.006631 -0.001398 3.611601 -0.006624 0.999967 0.004660 -0.067260 0.001429 -0.004650 0.999988 0.420062
0.999968 0.007711 -0.001925 4.063727 -0.007700 0.999955 0.005472 -0.091080 0.001967 -0.005457 0.999983 0.460355
0.999968 0.007441 -0.002967 4.512484 -0.007428 0.999961 0.004676 -0.079819 0.003001 -0.004653 0.999985 0.450960
0.999971 0.006916 -0.003295 4.957139 -0.006902 0.999966 0.004435 -0.077208 0.003326 -0.004412 0.999985 0.485612
0.999963 0.007720 -0.003686 5.402781 -0.007700 0.999956 0.005336 -0.107335 0.003727 -0.005307 0.999979 0.499411
0.999951 0.008964 -0.004192 5.844007 -0.008939 0.999943 0.005900 -0.118014 0.004245 -0.005862 0.999974 0.532010
0.999941 0.009630 -0.005019 6.316759 -0.009597 0.999933 0.006485 -0.144292 0.005081 -0.006436 0.999966 0.533934
0.999942 0.008646 -0.006435 6.813773 -0.008607 0.999945 0.005916 -0.132000 0.006485 -0.005860 0.999962 0.514144
0.999937 0.008912 -0.006825 7.254519 -0.008869 0.999940 0.006370 -0.146914 0.006882 -0.006309 0.999956 0.543634
0.999925 0.009950 -0.007183 7.677791 -0.009899 0.999926 0.007109 -0.158380 0.007253 -0.007038 0.999949 0.602130
0.999942 0.008371 -0.006835 8.105556 -0.008330 0.999947 0.006037 -0.126700 0.006885 -0.005980 0.999958 0.600925
0.999961 0.006977 -0.005338 8.528010 -0.006952 0.999964 0.004825 -0.077574 0.005372 -0.004788 0.999974 0.858856
0.999964 0.006718 -0.005137 8.953063 -0.006696 0.999968 0.004370 -0.058389 0.005166 -0.004336 0.999977 0.915143
0.999909 0.008587 -0.010360 9.599077 -0.008505 0.999932 0.007926 -0.206629 0.010427 -0.007838 0.999915 0.568182
0.999906 0.008026 -0.011124 10.080161 -0.007946 0.999942 0.007204 -0.180170 0.011182 -0.007115 0.999912 0.629193
0.999932 0.008335 -0.008186 10.371462 -0.008271 0.999935 0.007818 -0.212167 0.008251 -0.007750 0.999936 0.920966
0.999926 0.008567 -0.008615 10.804567 -0.008497 0.999930 0.008179 -0.217872 0.008684 -0.008105 0.999929 0.947814
0.999923 0.008201 -0.009273 11.287694 -0.008132 0.999939 0.007507 -0.199270 0.009334 -0.007431 0.999929 0.923189
0.999920 0.008277 -0.009614 11.725879 -0.008203 0.999937 0.007635 -0.205589 0.009677 -0.007555 0.999925 0.971244
0.999924 0.007717 -0.009596 12.179419 -0.007651 0.999947 0.006892 -0.178963 0.009648 -0.006818 0.999930 1.012193
0.999911 0.008335 -0.010450 12.638461 -0.008258 0.999939 0.007402 -0.196750 0.010511 -0.007315 0.999918 1.024761
0.999903 0.007355 -0.011846 13.165575 -0.007281 0.999954 0.006272 -0.166383 0.011891 -0.006185 0.999910 1.025276
0.999901 0.007858 -0.011661 13.608600 -0.007779 0.999947 0.006728 -0.188444 0.011714 -0.006637 0.999909 1.053708
0.999879 0.008220 -0.013170 14.076448 -0.008125 0.999941 0.007224 -0.213175 0.013228 -0.007116 0.999887 1.051323
0.999838 0.009541 -0.015290 14.604428 -0.009410 0.999918 0.008633 -0.270153 0.015372 -0.008488 0.999846 1.015210
0.999835 0.009814 -0.015267 15.024545 -0.009681 0.999915 0.008734 -0.273730 0.015352 -0.008585 0.999845 1.082588
0.999851 0.008834 -0.014813 15.393925 -0.008721 0.999932 0.007691 -0.237508 0.014880 -0.007561 0.999861 1.135032
0.999887 0.009149 -0.011900 15.679667 -0.009057 0.999929 0.007725 -0.227393 0.011970 -0.007617 0.999899 1.438095
0.999886 0.008416 -0.012568 16.101083 -0.008328 0.999940 0.007090 -0.231688 0.012627 -0.006985 0.999896 1.477809
0.999814 0.005895 -0.018340 16.867143 -0.005813 0.999973 0.004519 -0.140168 0.018366 -0.004412 0.999822 1.313193
0.999793 0.006905 -0.019154 17.336495 -0.006778 0.999955 0.006708 -0.238910 0.019199 -0.006577 0.999794 1.347903
0.999796 0.006352 -0.019186 17.768888 -0.006243 0.999964 0.005708 -0.204960 0.019222 -0.005587 0.999800 1.419965
0.999784 0.005833 -0.019952 18.220500 -0.005726 0.999969 0.005439 -0.201534 0.019983 -0.005323 0.999786 1.453505
0.999714 0.007442 -0.022739 18.765939 -0.007275 0.999946 0.007403 -0.286493 0.022793 -0.007236 0.999714 1.484651
0.999696 0.007539 -0.023460 19.194198 -0.007371 0.999947 0.007234 -0.279858 0.023513 -0.007059 0.999699 1.483108
0.999675 0.007788 -0.024294 19.652994 -0.007607 0.999943 0.007550 -0.298475 0.024351 -0.007363 0.999676 1.529168
0.999647 0.008680 -0.025126 20.154325 -0.008446 0.999920 0.009392 -0.405117 0.025205 -0.009177 0.999640 1.697189
0.999623 0.008865 -0.025997 20.614235 -0.008611 0.999914 0.009904 -0.435613 0.026082 -0.009676 0.999613 1.719104
0.999612 0.007927 -0.026711 21.040433 -0.007715 0.999938 0.008058 -0.343142 0.026774 -0.007849 0.999611 1.676304
0.999604 0.007732 -0.027063 21.465003 -0.007524 0.999941 0.007786 -0.332217 0.027121 -0.007579 0.999603 1.740261
0.999589 0.007884 -0.027578 21.888210 -0.007665 0.999938 0.008027 -0.344536 0.027639 -0.007812 0.999587 1.821522
0.999645 0.006818 -0.025744 22.149962 -0.006672 0.999961 0.005755 -0.226498 0.025782 -0.005581 0.999652 1.985774
0.999656 0.007069 -0.025252 22.521905 -0.006921 0.999958 0.005939 -0.234796 0.025293 -0.005762 0.999663 2.094420
0.999691 0.007247 -0.023776 22.811558 -0.007111 0.999958 0.005792 -0.222746 0.023817 -0.005621 0.999701 2.240794
0.999535 0.007072 -0.029667 23.599253 -0.006901 0.999959 0.005865 -0.234699 0.029707 -0.005658 0.999543 2.164741
0.999539 0.007205 -0.029506 23.995387 -0.007029 0.999957 0.006035 -0.247985 0.029549 -0.005825 0.999546 2.230328
0.999568 0.007656 -0.028367 24.377500 -0.007486 0.999953 0.006082 -0.243591 0.028412 -0.005867 0.999579 2.443885
0.999549 0.007940 -0.028962 24.814064 -0.007763 0.999950 0.006244 -0.254156 0.029010 -0.006016 0.999561 2.567818
0.999543 0.007975 -0.029142 25.232851 -0.007797 0.999950 0.006216 -0.256109 0.029190 -0.005986 0.999556 2.681345
0.999550 0.007286 -0.029114 25.669401 -0.007119 0.999957 0.005862 -0.254691 0.029155 -0.005652 0.999559 2.669048
0.999554 0.008165 -0.028737 26.062435 -0.007916 0.999930 0.008793 -0.420073 0.028807 -0.008562 0.999548 2.477249
0.999553 0.004984 -0.029489 26.473711 -0.004872 0.999981 0.003859 -0.181500 0.029508 -0.003714 0.999558 2.774447
0.999591 0.005737 -0.028004 26.770478 -0.005585 0.999969 0.005517 -0.271464 0.028035 -0.005359 0.999593 2.941915
0.999566 0.005408 -0.028945 27.229521 -0.005252 0.999971 0.005470 -0.282384 0.028974 -0.005316 0.999566 2.986722
0.999596 0.005246 -0.027947 27.572242 -0.005098 0.999973 0.005341 -0.284244 0.027974 -0.005196 0.999595 3.142132
0.999625 0.004700 -0.026978 27.914214 -0.004567 0.999977 0.004998 -0.272726 0.027001 -0.004873 0.999624 3.254981
0.999624 0.005443 -0.026870 28.308298 -0.005279 0.999967 0.006185 -0.346569 0.026903 -0.006041 0.999620 3.599069
0.999464 0.006736 -0.032040 28.964505 -0.006538 0.999959 0.006277 -0.331907 0.032081 -0.006064 0.999467 3.113858
0.999328 0.006731 -0.036038 29.664906 -0.006511 0.999959 0.006217 -0.332472 0.036078 -0.005978 0.999331 2.940879
0.999350 0.006727 -0.035409 30.099919 -0.006510 0.999959 0.006240 -0.336513 0.035449 -0.006005 0.999353 2.859255
0.999343 0.006629 -0.035636 30.459723 -0.006418 0.999961 0.006034 -0.331761 0.035674 -0.005802 0.999347 3.050574
0.999338 0.006172 -0.035846 30.938590 -0.005967 0.999965 0.005835 -0.323200 0.035880 -0.005617 0.999340 2.937371
0.999161 0.005478 -0.040594 31.574992 -0.005271 0.999972 0.005223 -0.291987 0.040622 -0.005004 0.999162 2.984401
0.999156 0.006044 -0.040628 31.931644 -0.005829 0.999968 0.005406 -0.307245 0.040659 -0.005164 0.999160 3.136048
0.999148 0.006014 -0.040831 32.323242 -0.005802 0.999969 0.005312 -0.306480 0.040862 -0.005071 0.999152 3.221776
0.999117 0.005679 -0.041631 32.803162 -0.005473 0.999972 0.005066 -0.293874 0.041658 -0.004834 0.999120 3.164755
0.999135 0.006229 -0.041120 33.119718 -0.006027 0.999969 0.005047 -0.296188 0.041151 -0.004794 0.999141 3.130173
0.999394 0.006804 -0.034148 32.945123 -0.006652 0.999967 0.004559 -0.254977 0.034178 -0.004329 0.999406 3.562874
0.999185 0.006765 -0.039801 33.633621 -0.006586 0.999968 0.004607 -0.263360 0.039831 -0.004341 0.999197 3.489891
0.999180 0.005632 -0.040084 34.065074 -0.005436 0.999973 0.004984 -0.296639 0.040111 -0.004762 0.999184 3.435079
0.999150 0.006253 -0.040745 34.475395 -0.006071 0.999971 0.004596 -0.263623 0.040773 -0.004345 0.999159 3.480248
0.999127 0.006998 -0.041193 34.853902 -0.006782 0.999962 0.005391 -0.320912 0.041229 -0.005107 0.999137 3.572475
0.999055 0.008796 -0.042572 35.307305 -0.008481 0.999935 0.007574 -0.457053 0.042636 -0.007205 0.999065 3.688740
0.999004 0.007704 -0.043949 35.796747 -0.007440 0.999953 0.006162 -0.374658 0.043995 -0.005829 0.999015 3.722581
0.999015 0.007591 -0.043721 36.172664 -0.007337 0.999955 0.005969 -0.370613 0.043764 -0.005642 0.999026 3.772729
0.999075 0.006959 -0.042438 36.530545 -0.006717 0.999960 0.005849 -0.354324 0.042477 -0.005558 0.999082 3.742708
0.999061 0.007634 -0.042656 36.859412 -0.007364 0.999952 0.006482 -0.394596 0.042703 -0.006162 0.999069 3.874039
0.998971 0.008406 -0.044560 37.270985 -0.008122 0.999946 0.006560 -0.418034 0.044613 -0.006191 0.998985 4.012648
0.999029 0.006830 -0.043536 37.625297 -0.006612 0.999965 0.005145 -0.324443 0.043569 -0.004853 0.999039 4.021974
0.998997 0.006633 -0.044285 38.035769 -0.006428 0.999968 0.004771 -0.308561 0.044315 -0.004482 0.999008 4.078503
0.998910 0.006756 -0.046182 38.498487 -0.006545 0.999967 0.004718 -0.313797 0.046212 -0.004411 0.998922 4.154427
0.998981 0.006367 -0.044675 38.762472 -0.006171 0.999971 0.004525 -0.296808 0.044703 -0.004245 0.998991 4.244655
0.998984 0.005968 -0.044680 39.187690 -0.005765 0.999973 0.004663 -0.302458 0.044707 -0.004401 0.998990 4.186623
0.998925 0.007751 -0.045711 39.591190 -0.007555 0.999962 0.004454 -0.339221 0.045743 -0.004104 0.998945 4.259348
0.998933 0.007211 -0.045622 39.956127 -0.007010 0.999965 0.004553 -0.334003 0.045653 -0.004229 0.998948 4.317775
0.998964 0.006276 -0.045064 40.475110 -0.006070 0.999970 0.004716 -0.323024 0.045093 -0.004438 0.998973 4.127149
0.998852 0.005067 -0.047625 41.013247 -0.004836 0.999976 0.004959 -0.321473 0.047649 -0.004723 0.998853 4.157906
0.998945 0.004812 -0.045668 41.424733 -0.004559 0.999974 0.005650 -0.346060 0.045694 -0.005436 0.998941 4.056885
0.998775 0.005297 -0.049206 42.034965 -0.005050 0.999974 0.005150 -0.345460 0.049232 -0.004895 0.998775 3.974664
0.998795 0.005466 -0.048768 42.526082 -0.005167 0.999967 0.006256 -0.400666 0.048800 -0.005997 0.998791 3.815168
0.998661 0.002136 -0.051696 43.009754 -0.001888 0.999986 0.004862 -0.268468 0.051705 -0.004758 0.998651 3.971123
0.998654 0.004164 -0.051698 43.160586 -0.003929 0.999981 0.004647 -0.300877 0.051716 -0.004437 0.998652 4.395547
0.998734 0.004480 -0.050112 43.532770 -0.004288 0.999983 0.003945 -0.280984 0.050129 -0.003725 0.998736 4.300143
0.998659 0.004014 -0.051617 43.911872 -0.003813 0.999985 0.003993 -0.276600 0.051632 -0.003791 0.998659 4.487069
0.998767 0.002466 -0.049577 44.391241 -0.002245 0.999987 0.004506 -0.265529 0.049587 -0.004389 0.998760 4.145788
0.998735 0.001459 -0.050257 44.599688 -0.001254 0.999991 0.004112 -0.218698 0.050262 -0.004043 0.998728 4.460687
0.998688 0.001813 -0.051173 44.975464 -0.001627 0.999992 0.003671 -0.212461 0.051180 -0.003582 0.998683 4.554348
0.998665 0.001637 -0.051627 45.353928 -0.001468 0.999993 0.003314 -0.198923 0.051632 -0.003234 0.998661 4.633759
0.998753 0.002907 -0.049848 45.721291 -0.002726 0.999989 0.003692 -0.254523 0.049858 -0.003552 0.998750 4.564737
0.998704 0.001789 -0.050863 46.165459 -0.001526 0.999985 0.005201 -0.294614 0.050871 -0.005116 0.998692 4.529413
0.998612 0.001857 -0.052628 46.601783 -0.001591 0.999986 0.005097 -0.290100 0.052636 -0.005006 0.998601 4.651750
0.998644 0.002161 -0.052014 47.071972 -0.001959 0.999990 0.003939 -0.251255 0.052022 -0.003832 0.998639 4.505159
0.998590 0.000889 -0.053069 47.417153 -0.000627 0.999988 0.004960 -0.261716 0.053073 -0.004920 0.998579 4.665184
0.998606 0.001238 -0.052760 47.796647 -0.001009 0.999990 0.004367 -0.241588 0.052765 -0.004308 0.998598 4.709212
0.998513 0.001853 -0.054474 48.283537 -0.001637 0.999991 0.004010 -0.246905 0.054481 -0.003915 0.998507 4.726204
0.998267 0.005835 -0.058553 48.777641 -0.005766 0.999982 0.001341 -0.248285 0.058560 -0.001001 0.998283 4.968233
0.998290 0.005243 -0.058227 49.202860 -0.005169 0.999986 0.001422 -0.226686 0.058234 -0.001118 0.998302 4.968302
0.998222 0.006940 -0.059193 49.583843 -0.006999 0.999975 -0.000795 -0.197183 0.059186 0.001207 0.998246 5.064023
0.998180 0.008639 -0.059677 49.982063 -0.008790 0.999959 -0.002276 -0.192603 0.059655 0.002796 0.998215 5.107564
0.998204 0.007385 -0.059452 50.368330 -0.007515 0.999970 -0.001962 -0.181352 0.059436 0.002405 0.998229 5.176378
0.998213 0.008306 -0.059174 50.727229 -0.008537 0.999957 -0.003657 -0.165553 0.059141 0.004155 0.998241 5.248632
0.998184 0.008983 -0.059570 51.142148 -0.009240 0.999949 -0.004046 -0.178174 0.059531 0.004590 0.998216 5.252260
0.998233 0.006812 -0.059034 51.535237 -0.006903 0.999975 -0.001338 -0.205727 0.059023 0.001743 0.998255 5.283871
0.998245 0.005371 -0.058981 51.911977 -0.005552 0.999980 -0.002901 -0.197092 0.058964 0.003223 0.998255 5.304816
0.998160 0.008062 -0.060099 52.303626 -0.008222 0.999963 -0.002407 -0.205123 0.060077 0.002897 0.998190 5.330579
0.998232 0.009050 -0.058746 52.672683 -0.009193 0.999955 -0.002156 -0.204209 0.058724 0.002692 0.998271 5.364354
0.998322 0.008640 -0.057267 53.043841 -0.008794 0.999958 -0.002426 -0.199782 0.057244 0.002925 0.998356 5.394500
0.998291 0.007486 -0.057954 53.432106 -0.007655 0.999967 -0.002692 -0.200766 0.057932 0.003132 0.998316 5.417254
0.998206 0.007426 -0.059414 53.827430 -0.007602 0.999967 -0.002742 -0.205425 0.059392 0.003189 0.998230 5.433101
0.998124 0.006305 -0.060899 54.222754 -0.006531 0.999972 -0.003525 -0.202701 0.060875 0.003916 0.998138 5.459357
0.998211 0.007709 -0.059290 54.591290 -0.007919 0.999963 -0.003310 -0.211214 0.059262 0.003774 0.998235 5.475270
0.998124 0.007372 -0.060780 54.988239 -0.007605 0.999965 -0.003604 -0.206903 0.060751 0.004060 0.998145 5.505343
0.998204 0.006641 -0.059534 55.355399 -0.006833 0.999972 -0.003021 -0.224620 0.059512 0.003422 0.998222 5.535867
0.998014 0.006765 -0.062630 55.752209 -0.007025 0.999968 -0.003924 -0.217034 0.062602 0.004357 0.998029 5.577048
0.998100 0.005509 -0.061372 56.131790 -0.005838 0.999969 -0.005189 -0.202579 0.061341 0.005537 0.998101 5.579167
0.998229 0.007476 -0.059016 56.472677 -0.007801 0.999956 -0.005271 -0.221309 0.058974 0.005722 0.998243 5.572950
0.998280 0.007784 -0.058102 56.844254 -0.008064 0.999957 -0.004576 -0.234832 0.058064 0.005036 0.998300 5.564608
0.998544 0.008347 -0.053292 57.192146 -0.008568 0.999956 -0.003912 -0.242693 0.053257 0.004363 0.998571 5.576488
0.998403 0.007358 -0.056006 57.589809 -0.007563 0.999965 -0.003451 -0.243778 0.055979 0.003869 0.998424 5.607196
0.998367 0.008871 -0.056432 57.979345 -0.009127 0.999949 -0.004281 -0.244607 0.056391 0.004789 0.998397 5.607384
0.998313 0.008611 -0.057422 58.364488 -0.008895 0.999949 -0.004699 -0.239640 0.057379 0.005202 0.998339 5.654716
0.998356 0.007372 -0.056837 58.746288 -0.007605 0.999964 -0.003879 -0.251493 0.056807 0.004304 0.998376 5.671869
0.998378 0.009013 -0.056212 59.128889 -0.009286 0.999946 -0.004589 -0.248590 0.056168 0.005104 0.998408 5.693936
0.998318 0.008756 -0.057306 59.518809 -0.009056 0.999947 -0.004974 -0.250086 0.057259 0.005485 0.998344 5.715893
0.998286 0.009094 -0.057819 59.899563 -0.009380 0.999945 -0.004673 -0.250836 0.057773 0.005207 0.998316 5.748947
0.998256 0.009256 -0.058304 60.290306 -0.009490 0.999948 -0.003744 -0.261186 0.058266 0.004291 0.998292 5.765838
0.998389 0.008941 -0.056035 60.659527 -0.009171 0.999951 -0.003856 -0.261733 0.055997 0.004364 0.998421 5.784789
0.998542 0.009969 -0.053044 61.019820 -0.010184 0.999941 -0.003781 -0.263521 0.053003 0.004315 0.998585 5.807450
0.998413 0.009629 -0.055487 61.424972 -0.009793 0.999948 -0.002688 -0.274078 0.055459 0.003227 0.998456 5.822824
0.998441 0.009843 -0.054938 61.791812 -0.009990 0.999947 -0.002413 -0.275500 0.054911 0.002958 0.998487 5.859674
0.998462 0.009549 -0.054607 62.171454 -0.009734 0.999948 -0.003127 -0.280197 0.054574 0.003654 0.998503 5.886433
0.998487 0.006625 -0.054586 62.556578 -0.006875 0.999967 -0.004403 -0.273312 0.054555 0.004772 0.998499 5.905036
0.998385 0.007503 -0.056318 62.969563 -0.007740 0.999962 -0.003989 -0.289097 0.056286 0.004418 0.998405 5.901780
0.998397 0.009678 -0.055766 63.348848 -0.009811 0.999950 -0.002104 -0.304141 0.055742 0.002648 0.998442 5.921420
0.998530 0.008687 -0.053503 63.735787 -0.008832 0.999958 -0.002482 -0.308577 0.053480 0.002951 0.998565 5.920696
0.998400 0.009347 -0.055775 64.143059 -0.009515 0.999951 -0.002749 -0.315727 0.055747 0.003275 0.998440 5.945119
0.998353 0.010371 -0.056417 64.520928 -0.010564 0.999939 -0.003135 -0.317745 0.056381 0.003726 0.998402 5.981313
0.998380 0.011615 -0.055698 64.885396 -0.011835 0.999923 -0.003628 -0.323945 0.055652 0.004281 0.998441 6.000945
0.998401 0.007776 -0.055992 65.302395 -0.008101 0.999952 -0.005582 -0.236492 0.055946 0.006026 0.998416 5.962087
0.998214 0.011481 -0.058634 65.755123 -0.011782 0.999919 -0.004797 -0.284040 0.058574 0.005479 0.998268 5.997187
0.998135 0.011426 -0.059968 66.158849 -0.011725 0.999921 -0.004635 -0.290383 0.059910 0.005330 0.998190 6.063808
0.998091 0.010312 -0.060892 66.561985 -0.010604 0.999934 -0.004469 -0.303324 0.060841 0.005106 0.998134 6.087151
0.998041 0.010996 -0.061594 66.960485 -0.011308 0.999925 -0.004711 -0.310850 0.061537 0.005398 0.998090 6.103705
0.998068 0.011179 -0.061114 67.359777 -0.011480 0.999924 -0.004576 -0.318969 0.061058 0.005268 0.998120 6.121184
0.998012 0.010442 -0.062153 67.760248 -0.010785 0.999928 -0.005176 -0.309196 0.062094 0.005836 0.998053 6.170665
0.997979 0.010583 -0.062656 68.163506 -0.010910 0.999929 -0.004885 -0.311976 0.062600 0.005559 0.998023 6.195018
0.997917 0.008987 -0.063884 68.562072 -0.009320 0.999944 -0.004918 -0.302024 0.063836 0.005504 0.997945 6.240283
0.997812 0.008881 -0.065515 68.975402 -0.009214 0.999946 -0.004774 -0.319356 0.065469 0.005367 0.997840 6.249312
0.997669 0.008276 -0.067733 69.360334 -0.008689 0.999945 -0.005808 -0.305122 0.067681 0.006383 0.997687 6.314857
0.997833 0.009978 -0.065042 69.740512 -0.010420 0.999925 -0.006451 -0.307818 0.064972 0.007115 0.997862 6.328059
0.997900 0.010599 -0.063898 70.129025 -0.011040 0.999918 -0.006555 -0.317113 0.063823 0.007247 0.997935 6.348860
0.997918 0.010531 -0.063626 70.510818 -0.010967 0.999919 -0.006503 -0.316630 0.063553 0.007187 0.997953 6.374365
0.997905 0.010911 -0.063769 70.909823 -0.011308 0.999919 -0.005871 -0.325728 0.063700 0.006580 0.997947 6.396557
0.997911 0.011737 -0.063525 71.295319 -0.012100 0.999913 -0.005336 -0.334935 0.063457 0.006093 0.997966 6.419447
0.997896 0.012085 -0.063704 71.684376 -0.012439 0.999909 -0.005163 -0.338692 0.063636 0.005945 0.997955 6.444237
0.997846 0.014097 -0.064074 72.072607 -0.014378 0.999889 -0.003940 -0.354682 0.064011 0.004853 0.997937 6.462423
0.997742 0.014642 -0.065553 72.472618 -0.014953 0.999879 -0.004248 -0.363902 0.065483 0.005218 0.997840 6.494909
0.997759 0.013830 -0.065463 72.859703 -0.014138 0.999891 -0.004236 -0.358638 0.065397 0.005152 0.997846 6.519123
0.997689 0.014420 -0.066392 73.256192 -0.014798 0.999877 -0.005212 -0.354121 0.066309 0.006182 0.997780 6.568948
0.997725 0.012929 -0.066169 73.652916 -0.013359 0.999892 -0.006070 -0.348833 0.066083 0.006941 0.997790 6.588393
0.997546 0.010256 -0.069259 74.054085 -0.010695 0.999925 -0.005978 -0.347591 0.069193 0.006704 0.997581 6.613231
0.997544 0.009817 -0.069346 74.450653 -0.010283 0.999927 -0.006368 -0.347900 0.069278 0.007065 0.997572 6.647122
0.997538 0.010804 -0.069295 74.839214 -0.011250 0.999918 -0.006051 -0.359746 0.069224 0.006815 0.997578 6.673643
0.997555 0.009475 -0.069241 75.229054 -0.009911 0.999933 -0.005961 -0.367530 0.069180 0.006633 0.997582 6.694615
0.997543 0.010149 -0.069319 75.605380 -0.010709 0.999913 -0.007702 -0.357412 0.069235 0.008426 0.997565 6.740311
0.997406 0.009701 -0.071322 76.025361 -0.010275 0.999918 -0.007684 -0.367979 0.071241 0.008397 0.997424 6.742299
0.997212 0.010598 -0.073867 76.430055 -0.011142 0.999914 -0.006951 -0.380416 0.073787 0.007755 0.997244 6.757462
0.997318 0.010775 -0.072390 76.809344 -0.011277 0.999915 -0.006530 -0.389610 0.072314 0.007329 0.997355 6.789654
0.997275 0.010126 -0.073079 77.204416 -0.010554 0.999929 -0.005479 -0.394845 0.073019 0.006235 0.997311 6.830029
0.997216 0.011461 -0.073677 77.608515 -0.011934 0.999911 -0.005991 -0.402706 0.073602 0.006853 0.997264 6.843541
0.997152 0.010816 -0.074632 77.997419 -0.011284 0.999919 -0.005848 -0.407680 0.074563 0.006674 0.997194 6.882565
0.997156 0.011565 -0.074469 78.387290 -0.011985 0.999915 -0.005186 -0.419729 0.074402 0.006064 0.997210 6.899918
0.997220 0.011477 -0.073630 78.764175 -0.011968 0.999909 -0.006230 -0.415541 0.073552 0.007094 0.997266 6.937544
0.997230 0.011412 -0.073498 79.162883 -0.011862 0.999914 -0.005681 -0.424322 0.073426 0.006537 0.997279 6.961489
0.997011 0.012990 -0.076160 79.557690 -0.013474 0.999892 -0.005846 -0.430747 0.076076 0.006855 0.997078 7.015061
0.997039 0.012245 -0.075919 79.945013 -0.012689 0.999905 -0.005377 -0.433931 0.075846 0.006324 0.997099 7.031230
0.996978 0.013939 -0.076427 80.344268 -0.014385 0.999883 -0.005294 -0.440798 0.076345 0.006378 0.997061 7.073496
0.997178 0.012954 -0.073947 80.719657 -0.013411 0.999894 -0.005682 -0.444050 0.073866 0.006658 0.997246 7.091973
0.996982 0.012642 -0.076602 81.120902 -0.013087 0.999900 -0.005303 -0.452145 0.076527 0.006289 0.997048 7.115550
0.997032 0.014844 -0.075538 81.535447 -0.015260 0.999871 -0.004923 -0.472191 0.075455 0.006061 0.997131 7.116757
0.996732 0.014506 -0.079466 81.948318 -0.015001 0.999872 -0.005646 -0.468312 0.079374 0.006820 0.996822 7.187243
0.996775 0.015359 -0.078763 82.347798 -0.015803 0.999863 -0.005007 -0.487510 0.078676 0.006235 0.996881 7.202220
0.996702 0.017326 -0.079278 82.748363 -0.017749 0.999832 -0.004642 -0.513165 0.079184 0.006034 0.996842 7.222949
0.996904 0.016504 -0.076871 83.136897 -0.016957 0.999842 -0.005253 -0.506886 0.076772 0.006540 0.997027 7.233072
0.996896 0.017321 -0.076800 83.517940 -0.017891 0.999817 -0.006741 -0.498331 0.076669 0.008094 0.997024 7.264728
0.996565 0.016881 -0.081078 83.938762 -0.017412 0.999831 -0.005840 -0.511205 0.080966 0.007232 0.996691 7.343597
0.996499 0.016066 -0.082052 84.323089 -0.016680 0.999838 -0.006801 -0.502845 0.081930 0.008145 0.996605 7.409936
0.996442 0.016784 -0.082590 84.712809 -0.017409 0.999825 -0.006855 -0.513034 0.082461 0.008269 0.996560 7.446593
0.996495 0.015748 -0.082161 85.089540 -0.016413 0.999838 -0.007415 -0.502544 0.082031 0.008738 0.996591 7.502321
0.996581 0.015869 -0.081084 85.477265 -0.016520 0.999836 -0.007362 -0.513241 0.080954 0.008676 0.996680 7.531922
0.996494 0.014608 -0.082383 85.873495 -0.015197 0.999863 -0.006535 -0.518592 0.082276 0.007764 0.996579 7.558180
0.996429 0.015924 -0.082924 86.259720 -0.016546 0.999840 -0.006826 -0.526755 0.082802 0.008174 0.996533 7.595080
0.996379 0.015494 -0.083594 86.656768 -0.016106 0.999848 -0.006653 -0.540163 0.083478 0.007975 0.996478 7.612439
0.996380 0.015053 -0.083666 87.037461 -0.015683 0.999853 -0.006876 -0.543685 0.083551 0.008163 0.996470 7.653524
0.996392 0.014870 -0.083562 87.421429 -0.015500 0.999856 -0.006895 -0.547886 0.083447 0.008165 0.996479 7.689377
0.996427 0.016696 -0.082790 87.800556 -0.017371 0.999822 -0.007431 -0.545639 0.082651 0.008842 0.996539 7.718168
0.996398 0.016160 -0.083249 88.192101 -0.016806 0.999834 -0.007061 -0.561184 0.083121 0.008435 0.996504 7.728625
0.996481 0.015601 -0.082350 88.555209 -0.016195 0.999847 -0.006550 -0.565014 0.082235 0.007861 0.996582 7.790912
0.996794 0.018504 -0.077840 88.888684 -0.019123 0.999791 -0.007214 -0.547448 0.077690 0.008679 0.996940 7.854121
0.996893 0.018905 -0.076461 89.266607 -0.019584 0.999775 -0.008147 -0.545868 0.076290 0.009620 0.997039 7.856729
0.996647 0.018319 -0.079748 89.677161 -0.018965 0.999793 -0.007357 -0.563498 0.079596 0.008845 0.996788 7.872059
0.996588 0.017069 -0.080751 90.070167 -0.017792 0.999808 -0.008253 -0.564940 0.080595 0.009662 0.996700 7.893475
0.996539 0.017537 -0.081257 90.467090 -0.018251 0.999801 -0.008053 -0.578843 0.081099 0.009508 0.996661 7.923347
0.996548 0.017469 -0.081154 90.863848 -0.018204 0.999800 -0.008325 -0.587259 0.080993 0.009773 0.996667 7.941312
0.996568 0.019478 -0.080451 91.239664 -0.020178 0.999765 -0.007893 -0.598395 0.080279 0.009489 0.996727 7.918082
0.996753 0.020770 -0.077791 91.602442 -0.021443 0.999739 -0.007829 -0.604076 0.077608 0.009471 0.996939 7.927701
0.996593 0.019942 -0.080026 92.022491 -0.020641 0.999756 -0.007914 -0.610462 0.079849 0.009538 0.996761 7.990132
0.996438 0.019527 -0.082034 92.409766 -0.020238 0.999764 -0.007851 -0.616906 0.081862 0.009484 0.996599 8.031139
0.996309 0.020211 -0.083424 92.810914 -0.020952 0.999748 -0.008016 -0.620842 0.083241 0.009734 0.996482 8.071992
0.996396 0.019798 -0.082481 93.200391 -0.020436 0.999767 -0.006902 -0.646173 0.082325 0.008563 0.996569 8.084668
0.996415 0.019127 -0.082406 93.579269 -0.019805 0.999776 -0.007415 -0.641225 0.082246 0.009020 0.996571 8.152544
0.996357 0.018312 -0.083292 93.989708 -0.018990 0.999793 -0.007359 -0.646216 0.083140 0.008914 0.996498 8.181371
0.996414 0.017953 -0.082690 94.377846 -0.018627 0.999799 -0.007382 -0.664283 0.082541 0.008896 0.996548 8.207703
0.996254 0.017680 -0.084647 94.780717 -0.018382 0.999803 -0.007512 -0.665176 0.084498 0.009040 0.996383 8.253253
0.996377 0.017623 -0.083200 95.171804 -0.018209 0.999814 -0.006288 -0.690577 0.083074 0.007781 0.996513 8.245356
0.996378 0.018558 -0.082982 95.567209 -0.019198 0.999792 -0.006919 -0.691552 0.082836 0.008487 0.996527 8.286522
0.996288 0.018561 -0.084057 95.970071 -0.019153 0.999797 -0.006242 -0.706271 0.083924 0.007829 0.996441 8.309371
0.996347 0.018406 -0.083386 96.359134 -0.018920 0.999807 -0.005380 -0.724836 0.083271 0.006938 0.996503 8.321897
0.996266 0.018843 -0.084260 96.753417 -0.019412 0.999794 -0.005939 -0.722584 0.084130 0.007552 0.996426 8.374266
0.996327 0.018773 -0.083544 97.153838 -0.019311 0.999798 -0.005634 -0.736471 0.083421 0.007227 0.996488 8.391994
0.996216 0.019564 -0.084684 97.507050 -0.020230 0.999771 -0.007003 -0.721474 0.084528 0.008690 0.996383 8.481780
0.996351 0.017876 -0.083462 97.871726 -0.018495 0.999807 -0.006652 -0.714812 0.083327 0.008171 0.996489 8.537553
0.996225 0.018196 -0.084878 98.281343 -0.018795 0.999804 -0.006266 -0.730834 0.084748 0.007838 0.996372 8.563473
0.996304 0.018658 -0.083851 98.654109 -0.019270 0.999793 -0.006502 -0.734807 0.083713 0.008093 0.996457 8.608545
0.996041 0.020350 -0.086531 99.058576 -0.021068 0.999751 -0.007387 -0.746238 0.086359 0.009181 0.996222 8.634510
0.995790 0.019988 -0.089457 99.482306 -0.020660 0.999765 -0.006595 -0.764834 0.089304 0.008415 0.995969 8.660412
0.996345 0.022627 -0.082372 99.788201 -0.023230 0.999710 -0.006365 -0.772920 0.082204 0.008256 0.996581 8.695336
0.996387 0.022867 -0.081795 100.169531 -0.023491 0.999702 -0.006676 -0.777180 0.081618 0.008574 0.996627 8.726814
0.996511 0.022321 -0.080417 100.556236 -0.022928 0.999715 -0.006634 -0.784680 0.080246 0.008455 0.996739 8.750473
0.996404 0.023306 -0.081459 100.943654 -0.023925 0.999692 -0.006636 -0.802393 0.081280 0.008561 0.996655 8.766994
0.996418 0.021883 -0.081687 101.366736 -0.022471 0.999728 -0.006278 -0.819842 0.081527 0.008091 0.996638 8.763841
0.996450 0.021755 -0.081331 101.740464 -0.022344 0.999730 -0.006335 -0.823704 0.081171 0.008130 0.996667 8.796237
0.996407 0.022082 -0.081759 102.140474 -0.022697 0.999721 -0.006599 -0.836956 0.081590 0.008431 0.996630 8.797813
0.996401 0.023421 -0.081468 102.475830 -0.023949 0.999698 -0.005502 -0.878822 0.081314 0.007433 0.996661 8.923175
0.996592 0.026256 -0.078196 102.850795 -0.026844 0.999619 -0.006480 -0.877926 0.077996 0.008557 0.996917 8.904970
0.996703 0.027776 -0.076238 103.233980 -0.028346 0.999578 -0.006396 -0.894025 0.076028 0.008536 0.997069 8.931631
0.996531 0.026590 -0.078856 103.628824 -0.027142 0.999614 -0.005927 -0.902063 0.078668 0.008047 0.996868 8.979334
0.996488 0.026243 -0.079518 104.023403 -0.026728 0.999630 -0.005046 -0.920963 0.079356 0.007153 0.996821 9.003946
0.996582 0.026608 -0.078203 104.390794 -0.027169 0.999612 -0.006121 -0.921652 0.078010 0.008225 0.996919 9.050378
0.996473 0.025848 -0.079834 104.764771 -0.026501 0.999623 -0.007130 -0.919228 0.079620 0.009221 0.996783 9.104844
0.996411 0.023760 -0.081242 105.166820 -0.024284 0.999690 -0.005466 -0.933800 0.081087 0.007420 0.996679 9.134680
0.996495 0.023565 -0.080268 105.546731 -0.024012 0.999701 -0.004609 -0.954589 0.080135 0.006521 0.996763 9.162069
0.996536 0.024551 -0.079450 105.930131 -0.025014 0.999675 -0.004838 -0.961797 0.079305 0.006808 0.996827 9.192096
0.996777 0.024436 -0.076415 106.293395 -0.024897 0.999677 -0.005087 -0.966782 0.076266 0.006973 0.997063 9.219195
0.996378 0.023810 -0.081637 106.708920 -0.024243 0.999697 -0.004322 -0.980008 0.081509 0.006285 0.996653 9.262340
0.996298 0.023256 -0.082764 107.082054 -0.023808 0.999700 -0.005687 -0.972142 0.082607 0.007636 0.996553 9.325744
0.996295 0.024167 -0.082540 107.477162 -0.024717 0.999679 -0.005647 -0.984576 0.082377 0.007666 0.996572 9.353294
0.996302 0.024661 -0.082308 107.874899 -0.025086 0.999677 -0.004129 -1.011200 0.082179 0.006178 0.996598 9.352353
0.996389 0.024308 -0.081357 108.250915 -0.024743 0.999684 -0.004336 -1.015065 0.081226 0.006333 0.996676 9.383755
0.996314 0.026004 -0.081744 108.643561 -0.026384 0.999646 -0.003572 -1.039683 0.081622 0.005716 0.996647 9.401992
0.996386 0.026834 -0.080590 109.006368 -0.027355 0.999611 -0.005369 -1.034254 0.080414 0.007554 0.996733 9.456555
0.996318 0.026914 -0.081398 109.402419 -0.027489 0.999604 -0.005956 -1.039287 0.081206 0.008172 0.996664 9.487215
0.996338 0.026980 -0.081136 109.771310 -0.027637 0.999594 -0.006990 -1.039807 0.080914 0.009206 0.996679 9.536627
0.996141 0.027523 -0.083346 110.192496 -0.028056 0.999593 -0.005228 -1.074824 0.083168 0.007546 0.996507 9.532438
0.996254 0.028526 -0.081639 110.574753 -0.028942 0.999573 -0.003911 -1.097337 0.081493 0.006259 0.996654 9.551867
0.996118 0.029589 -0.082904 110.969935 -0.030020 0.999541 -0.003962 -1.109826 0.082749 0.006435 0.996550 9.580687
0.995960 0.027970 -0.085334 111.372950 -0.028403 0.999589 -0.003864 -1.116143 0.085191 0.006272 0.996345 9.604995
0.996189 0.030343 -0.081768 111.747608 -0.030669 0.999526 -0.002734 -1.160931 0.081646 0.005232 0.996648 9.522149
0.995946 0.030665 -0.084569 112.172922 -0.031016 0.999515 -0.002839 -1.169511 0.084441 0.005451 0.996414 9.562562
0.995887 0.029358 -0.085719 112.580670 -0.029681 0.999556 -0.002494 -1.189252 0.085607 0.005028 0.996316 9.593798
0.995869 0.028230 -0.086303 112.986713 -0.028501 0.999592 -0.001917 -1.202226 0.086214 0.004369 0.996267 9.624432
0.995715 0.027323 -0.088345 113.414766 -0.027605 0.999617 -0.001970 -1.215466 0.088257 0.004400 0.996088 9.651845
0.995560 0.028432 -0.089730 113.845576 -0.028617 0.999590 -0.000777 -1.248171 0.089671 0.003341 0.995966 9.617859
0.995424 0.028646 -0.091160 114.276816 -0.028767 0.999586 -0.000012 -1.267385 0.091122 0.002634 0.995836 9.632525
0.995194 0.031384 -0.092763 114.687414 -0.031465 0.999505 0.000589 -1.282703 0.092735 0.002333 0.995688 9.688890
0.994987 0.030759 -0.095158 115.116567 -0.030809 0.999525 0.000947 -1.297957 0.095141 0.001989 0.995462 9.730913
0.994847 0.031198 -0.096472 115.544806 -0.031235 0.999511 0.001128 -1.317476 0.096460 0.001891 0.995335 9.760882
0.994734 0.031800 -0.097429 115.963704 -0.031864 0.999492 0.000902 -1.329359 0.097408 0.002207 0.995242 9.803435
0.994547 0.032425 -0.099124 116.402807 -0.032435 0.999473 0.001512 -1.354066 0.099120 0.001711 0.995074 9.831027
0.994346 0.032920 -0.100958 116.821095 -0.032980 0.999455 0.001080 -1.364139 0.100938 0.002256 0.994890 9.888423
0.994178 0.032413 -0.102763 117.244809 -0.032550 0.999470 0.000343 -1.368388 0.102720 0.003004 0.994706 9.948436
0.994130 0.032760 -0.103112 117.663332 -0.032836 0.999460 0.000967 -1.386783 0.103088 0.002425 0.994669 9.990585
0.993922 0.032405 -0.105212 118.081112 -0.032540 0.999470 0.000429 -1.390463 0.105170 0.002997 0.994450 10.056964
0.993855 0.035785 -0.104742 118.467248 -0.035872 0.999356 0.001053 -1.410280 0.104713 0.002711 0.994499 10.121301
0.993714 0.034226 -0.106586 118.902924 -0.034406 0.999408 0.000148 -1.415852 0.106527 0.003520 0.994304 10.161243
0.993486 0.036644 -0.107898 119.326405 -0.036785 0.999323 0.000691 -1.443093 0.107850 0.003283 0.994162 10.206010
0.993151 0.036683 -0.110928 119.766591 -0.036954 0.999317 -0.000384 -1.436598 0.110838 0.004481 0.993828 10.277912
0.993072 0.036881 -0.111573 120.194882 -0.037343 0.999300 -0.002054 -1.422973 0.111419 0.006206 0.993754 10.384318
0.992903 0.036312 -0.113244 120.592627 -0.036809 0.999320 -0.002300 -1.440602 0.113083 0.006452 0.993565 10.443460
0.992585 0.036345 -0.115995 121.023157 -0.036873 0.999317 -0.002413 -1.458692 0.115828 0.006673 0.993247 10.521189
0.992569 0.034604 -0.116656 121.432086 -0.035159 0.999378 -0.002702 -1.459643 0.116489 0.006784 0.993169 10.579213
0.992462 0.034498 -0.117597 121.838579 -0.035110 0.999379 -0.003140 -1.466598 0.117416 0.007246 0.993056 10.636579
0.992224 0.033554 -0.119858 122.246946 -0.034295 0.999403 -0.004125 -1.461577 0.119648 0.008204 0.992782 10.735423
0.991893 0.034616 -0.122274 122.674426 -0.035370 0.999366 -0.004007 -1.489292 0.122058 0.008300 0.992488 10.805400
0.991477 0.035209 -0.125431 123.074073 -0.035994 0.999344 -0.003992 -1.489991 0.125208 0.008473 0.992094 10.869833
0.991319 0.035225 -0.126675 123.466506 -0.036068 0.999340 -0.004371 -1.499147 0.126438 0.008902 0.991935 10.951411
0.991379 0.035411 -0.126149 123.853653 -0.036225 0.999335 -0.004157 -1.524076 0.125918 0.008691 0.992003 10.995445
0.991306 0.035356 -0.126737 124.240981 -0.036266 0.999330 -0.004877 -1.517263 0.126480 0.009431 0.991924 11.056421
0.991305 0.034960 -0.126854 124.627684 -0.035931 0.999340 -0.005375 -1.526044 0.126582 0.009886 0.991907 11.107770
0.991307 0.035488 -0.126693 125.008227 -0.036535 0.999315 -0.005947 -1.526152 0.126395 0.010524 0.991924 11.204979
0.990887 0.035078 -0.130046 125.432601 -0.036153 0.999329 -0.005910 -1.545290 0.129752 0.010558 0.991490 11.242426
0.990657 0.034955 -0.131822 125.833335 -0.036059 0.999332 -0.005990 -1.556974 0.131525 0.010688 0.991255 11.297637
0.990575 0.036642 -0.131978 126.199325 -0.037893 0.999257 -0.006974 -1.552550 0.131624 0.011909 0.991228 11.376352
0.990557 0.034905 -0.132583 126.569658 -0.036115 0.999325 -0.006734 -1.559248 0.132259 0.011459 0.991149 11.458434
0.990484 0.035914 -0.132859 126.941810 -0.037153 0.999286 -0.006856 -1.572704 0.132518 0.011727 0.991111 11.543984
0.990112 0.036640 -0.135407 127.357640 -0.037809 0.999267 -0.006070 -1.601669 0.135085 0.011129 0.990771 11.606862
0.989944 0.037425 -0.136417 127.707861 -0.038628 0.999235 -0.006176 -1.605060 0.136081 0.011384 0.990632 11.694187
0.990029 0.038276 -0.135562 128.070381 -0.039519 0.999198 -0.006484 -1.605819 0.135205 0.011777 0.990748 11.745664
0.989824 0.037146 -0.137363 128.452946 -0.038434 0.999238 -0.006730 -1.623631 0.137009 0.011941 0.990498 11.800076
0.989708 0.037222 -0.138176 128.825334 -0.038675 0.999221 -0.007846 -1.624258 0.137776 0.013109 0.990377 11.878485
0.989631 0.036822 -0.138832 129.204605 -0.038196 0.999244 -0.007244 -1.639690 0.138461 0.012471 0.990289 11.943972
0.989660 0.037343 -0.138485 129.556646 -0.038795 0.999217 -0.007800 -1.643811 0.138086 0.013092 0.990334 12.021877
0.989377 0.038754 -0.140113 129.913515 -0.040236 0.999160 -0.007756 -1.656732 0.139695 0.013311 0.990105 12.073113
0.989184 0.037899 -0.141697 130.305571 -0.039324 0.999200 -0.007267 -1.659706 0.141309 0.012761 0.989883 12.141175
0.989406 0.039806 -0.139611 130.633184 -0.041222 0.999124 -0.007260 -1.683451 0.139199 0.012938 0.990180 12.201619
0.989488 0.039040 -0.139246 130.991238 -0.040318 0.999167 -0.006373 -1.702243 0.138882 0.011920 0.990237 12.267093
0.989380 0.038150 -0.140259 131.362265 -0.039495 0.999196 -0.006821 -1.710679 0.139886 0.012288 0.990091 12.328492
0.989242 0.037717 -0.141344 131.725015 -0.039224 0.999199 -0.007888 -1.706882 0.140933 0.013347 0.989929 12.400281
0.989269 0.037737 -0.141145 132.055928 -0.039244 0.999198 -0.007905 -1.713174 0.140734 0.013359 0.989957 12.462581
0.989279 0.037953 -0.141020 132.422892 -0.039371 0.999198 -0.007280 -1.740866 0.140630 0.012754 0.989980 12.487932
0.989589 0.037861 -0.138851 132.774232 -0.039217 0.999206 -0.007038 -1.764739 0.138475 0.012410 0.990288 12.502269
0.989496 0.037732 -0.139547 133.124487 -0.039282 0.999193 -0.008369 -1.765213 0.139119 0.013762 0.990180 12.574242
0.989489 0.037409 -0.139684 133.465287 -0.039252 0.999175 -0.010462 -1.754967 0.139177 0.015835 0.990141 12.662475
0.989691 0.038293 -0.138002 133.797404 -0.040075 0.999145 -0.010156 -1.765935 0.137495 0.015581 0.990380 12.718622
0.989803 0.038477 -0.137151 134.154824 -0.040306 0.999131 -0.010588 -1.776047 0.136624 0.016008 0.990494 12.755586
0.989622 0.037994 -0.138584 134.510971 -0.039843 0.999150 -0.010586 -1.787196 0.138064 0.015998 0.990294 12.812153
0.989648 0.038343 -0.138298 134.868574 -0.040171 0.999138 -0.010454 -1.810768 0.137778 0.015901 0.990335 12.851282
0.989759 0.038859 -0.137357 135.243356 -0.040501 0.999137 -0.009181 -1.857199 0.136882 0.014650 0.990479 12.866631
0.989773 0.039645 -0.137028 135.587070 -0.041251 0.999109 -0.008898 -1.873763 0.136554 0.014460 0.990527 12.912878
0.989732 0.039700 -0.137309 135.953772 -0.041248 0.999113 -0.008443 -1.895429 0.136852 0.014020 0.990492 12.966372
0.989785 0.040441 -0.136710 136.304895 -0.042046 0.999076 -0.008875 -1.908782 0.136225 0.014533 0.990571 13.005202
0.989883 0.041793 -0.135591 136.657364 -0.043462 0.999011 -0.009372 -1.920144 0.135065 0.015170 0.990721 13.037949
0.989792 0.042716 -0.135970 137.022499 -0.044327 0.998978 -0.008843 -1.943752 0.135453 0.014780 0.990674 13.075264
0.989911 0.044183 -0.134626 137.391773 -0.045771 0.998914 -0.008717 -1.967693 0.134094 0.014791 0.990858 13.059109
0.989612 0.043388 -0.137058 137.760326 -0.044917 0.998958 -0.008078 -1.979197 0.136564 0.014150 0.990530 13.147210
0.989783 0.042906 -0.135972 138.117888 -0.044334 0.998989 -0.007490 -2.003823 0.135513 0.013442 0.990684 13.181274
0.989853 0.041785 -0.135813 138.489871 -0.043150 0.999043 -0.007117 -2.026350 0.135386 0.012905 0.990709 13.215885
0.989899 0.041014 -0.135715 138.861946 -0.042183 0.999093 -0.005744 -2.056825 0.135356 0.011411 0.990731 13.265124
0.989945 0.041873 -0.135110 139.234864 -0.042956 0.999064 -0.005106 -2.084876 0.134770 0.010858 0.990817 13.279478
0.989737 0.041905 -0.136622 139.619547 -0.042946 0.999066 -0.004680 -2.107485 0.136298 0.010500 0.990612 13.315609
0.989392 0.041940 -0.139087 140.010641 -0.043105 0.999056 -0.005374 -2.119191 0.138731 0.011312 0.990266 13.379130
0.989582 0.042219 -0.137642 140.381093 -0.043235 0.999055 -0.004397 -2.143504 0.137327 0.010302 0.990472 13.415856
0.989559 0.042076 -0.137848 140.762343 -0.042843 0.999078 -0.002597 -2.171639 0.137612 0.008476 0.990450 13.447951
0.989804 0.041971 -0.136110 141.152371 -0.042715 0.999084 -0.002546 -2.202947 0.135878 0.008334 0.990691 13.445092
