1.000000 0.000000 0.000000 0.000000 0.000000 1.000000 0.000000 0.000000 0.000000 0.000000 1.000000 0.000000
0.999997 -0.001655 -0.002052 0.008874 0.001654 0.999998 -0.000773 -0.013761 0.002053 0.000770 0.999998 0.503293
0.999990 -0.002251 -0.003764 0.009818 0.002242 0.999995 -0.002193 -0.026737 0.003769 0.002185 0.999991 0.994483
0.999977 -0.002614 -0.006196 0.005848 0.002590 0.999989 -0.003895 -0.030904 0.006206 0.003879 0.999973 1.483333
0.999947 -0.004817 -0.009134 0.015630 0.004768 0.999974 -0.005447 -0.046008 0.009160 0.005403 0.999943 1.973577
0.999908 -0.007451 -0.011314 0.015448 0.007374 0.999949 -0.006857 -0.064803 0.011365 0.006773 0.999912 2.476486
0.999868 -0.008938 -0.013583 0.018178 0.008840 0.999934 -0.007271 -0.080320 0.013647 0.007150 0.999881 2.978261
0.999848 -0.008343 -0.015295 0.007931 0.008224 0.999936 -0.007812 -0.075840 0.015359 0.007685 0.999853 3.490224
0.999828 -0.008600 -0.016450 -0.002027 0.008473 0.999934 -0.007720 -0.099555 0.016515 0.007579 0.999835 4.012589
0.999786 -0.008129 -0.019007 0.003468 0.007937 0.999917 -0.010165 -0.120168 0.019088 0.010012 0.999768 4.526116
0.999823 -0.006421 -0.017672 -0.079188 0.006178 0.999886 -0.013801 -0.135855 0.017759 0.013689 0.999749 5.050876
0.999809 -0.005612 -0.018702 -0.128946 0.005282 0.999831 -0.017609 -0.146677 0.018797 0.017507 0.999670 5.621462
0.999800 -0.004143 -0.019564 -0.166378 0.003797 0.999836 -0.017705 -0.152629 0.019634 0.017627 0.999652 6.176180
0.999795 -0.001500 -0.020189 -0.212990 0.001279 0.999939 -0.010961 -0.165416 0.020205 0.010933 0.999736 6.752204
0.999770 -0.000824 -0.021429 -0.241957 0.000818 1.000000 -0.000269 -0.190213 0.021429 0.000251 0.999770 7.350962
0.999747 0.000052 -0.022507 -0.270430 0.000089 0.999980 0.006252 -0.202056 0.022507 -0.006253 0.999727 7.944172
0.999712 0.002029 -0.023905 -0.283649 -0.001907 0.999985 0.005161 -0.213869 0.023916 -0.005114 0.999701 8.520245
0.999648 0.003798 -0.026253 -0.297696 -0.003850 0.999991 -0.001928 -0.223239 0.026245 0.002028 0.999653 9.121204
0.999637 0.002017 -0.026867 -0.351561 -0.002240 0.999963 -0.008262 -0.216052 0.026850 0.008319 0.999605 9.757757
0.999624 -0.001852 -0.027365 -0.416308 0.001662 0.999974 -0.006979 -0.213962 0.027377 0.006931 0.999601 10.437184
0.999582 -0.006053 -0.028281 -0.456055 0.006095 0.999980 0.001395 -0.193813 0.028272 -0.001567 0.999599 11.127745
0.999475 -0.006567 -0.031714 -0.390011 0.006851 0.999937 0.008845 -0.197201 0.031654 -0.009058 0.999458 11.671444
0.999441 -0.005716 -0.032934 -0.405305 0.006103 0.999914 0.011644 -0.216705 0.032864 -0.011839 0.999390 12.321354
0.999405 -0.008334 -0.033475 -0.436432 0.008687 0.999908 0.010394 -0.213592 0.033385 -0.010678 0.999386 13.018237
0.999382 -0.009612 -0.033822 -0.466909 0.009879 0.999921 0.007726 -0.206719 0.033745 -0.008056 0.999398 13.702950
0.999430 -0.006670 -0.033082 -0.521695 0.006820 0.999967 0.004437 -0.213583 0.033051 -0.004660 0.999443 14.463921
0.999402 -0.010913 -0.032815 -0.553829 0.010891 0.999940 -0.000839 -0.223492 0.032822 0.000481 0.999461 15.193662
0.999384 -0.014361 -0.032029 -0.588068 0.014119 0.999870 -0.007750 -0.218261 0.032136 0.007293 0.999457 15.879775
0.999392 -0.015362 -0.031286 -0.635378 0.014968 0.999806 -0.012786 -0.238931 0.031476 0.012310 0.999429 16.615514
0.999419 -0.014904 -0.030636 -0.731026 0.014481 0.999797 -0.013984 -0.242979 0.030838 0.013532 0.999433 17.441439
0.999466 -0.012523 -0.030175 -0.814704 0.012082 0.999818 -0.014739 -0.217185 0.030354 0.014366 0.999436 18.175904
0.999528 -0.008019 -0.029664 -0.884216 0.007524 0.999831 -0.016763 -0.240174 0.029794 0.016532 0.999419 18.902049
0.999528 -0.008571 -0.029511 -0.940772 0.008040 0.999804 -0.018072 -0.272279 0.029660 0.017826 0.999401 19.656359
0.999565 -0.005310 -0.029001 -1.037176 0.004759 0.999808 -0.019009 -0.290761 0.029096 0.018863 0.999399 20.433556
0.999589 -0.003134 -0.028512 -1.107362 0.002587 0.999813 -0.019185 -0.311927 0.028567 0.019103 0.999409 21.231830
0.999632 -0.002746 -0.026985 -1.235402 0.002242 0.999822 -0.018712 -0.351581 0.027031 0.018645 0.999461 22.063229
0.999661 -0.002509 -0.025903 -1.343883 0.001995 0.999801 -0.019843 -0.344338 0.025948 0.019785 0.999467 22.935880
0.999660 -0.001061 -0.026050 -1.425720 0.000516 0.999781 -0.020938 -0.314652 0.026066 0.020918 0.999441 23.804288
0.999643 -0.002336 -0.026628 -1.488464 0.001853 0.999834 -0.018130 -0.377592 0.026666 0.018074 0.999481 24.703082
0.999650 -0.002560 -0.026316 -1.582672 0.002109 0.999850 -0.017169 -0.398226 0.026356 0.017107 0.999506 25.586479
0.999475 -0.016292 -0.028014 -1.608268 0.015737 0.999678 -0.019920 -0.329338 0.028329 0.019469 0.999409 26.305187
0.999603 -0.008520 -0.026860 -1.722803 0.008015 0.999790 -0.018856 -0.441375 0.027015 0.018633 0.999461 27.168355
0.999570 -0.010049 -0.027546 -1.796012 0.009534 0.999778 -0.018770 -0.443821 0.027729 0.018499 0.999444 27.997074
0.999567 -0.012776 -0.026521 -1.939133 0.012319 0.999774 -0.017310 -0.437986 0.026736 0.016976 0.999498 28.906364
0.999444 -0.017935 -0.028102 -2.004234 0.017542 0.999746 -0.014179 -0.449254 0.028349 0.013678 0.999505 29.833711
0.999394 -0.021439 -0.027430 -2.131748 0.021065 0.999682 -0.013858 -0.414850 0.027719 0.013272 0.999528 30.726772
0.999297 -0.026541 -0.026462 -2.272307 0.026132 0.999535 -0.015688 -0.377785 0.026866 0.014986 0.999527 31.699270
0.999145 -0.032480 -0.025565 -2.444301 0.032076 0.999356 -0.016063 -0.429645 0.026070 0.015229 0.999544 32.628314
0.999340 -0.027592 -0.023623 -2.617194 0.027221 0.999503 -0.015889 -0.504993 0.024050 0.015235 0.999595 33.601834
0.999188 -0.032760 -0.023467 -2.759377 0.032381 0.999342 -0.016320 -0.476149 0.023986 0.015547 0.999591 34.553820
0.999158 -0.034309 -0.022506 -2.934052 0.033974 0.999309 -0.015099 -0.501848 0.023009 0.014321 0.999633 35.501736
0.999242 -0.032541 -0.021386 -3.107645 0.032280 0.999401 -0.012440 -0.578894 0.021778 0.011740 0.999694 36.544853
0.999213 -0.034905 -0.018854 -3.315169 0.034636 0.999296 -0.014424 -0.546517 0.019344 0.013759 0.999718 37.529496
0.999007 -0.040792 -0.017942 -3.493372 0.040500 0.999046 -0.016365 -0.666646 0.018592 0.015622 0.999705 38.625191
0.998609 -0.050741 -0.014355 -3.760140 0.050436 0.998509 -0.020885 -0.721153 0.015394 0.020132 0.999679 39.666567
0.998212 -0.058234 -0.013493 -3.946161 0.057943 0.998098 -0.021061 -0.770914 0.014693 0.020241 0.999687 40.822642
0.997678 -0.067460 -0.009349 -4.261501 0.067284 0.997571 -0.018027 -0.885684 0.010543 0.017356 0.999794 41.958372
0.998327 -0.057747 -0.002896 -4.620131 0.057683 0.998159 -0.018768 -0.831676 0.003975 0.018569 0.999820 43.087278
0.998355 -0.056914 -0.006922 -4.470232 0.056807 0.998276 -0.014752 -0.916306 0.007750 0.014334 0.999867 43.120778
0.998280 -0.058521 -0.003367 -4.677405 0.058461 0.998166 -0.015726 -0.955613 0.004281 0.015502 0.999871 44.009487
0.998067 -0.062134 -0.001562 -4.780068 0.062102 0.997947 -0.015673 -1.052525 0.002533 0.015546 0.999876 44.616415
0.997879 -0.065081 -0.001369 -4.888554 0.065047 0.997732 -0.017339 -1.084597 0.002495 0.017214 0.999849 45.202208
0.997382 -0.072312 0.000549 -4.991884 0.072311 0.997227 -0.017620 -1.322526 0.000727 0.017614 0.999845 46.606012
0.997566 -0.069712 0.001378 -5.038669 0.069725 0.997274 -0.024151 -1.193045 0.000310 0.024188 0.999707 47.450502
0.997329 -0.072981 0.002890 -5.129339 0.073031 0.996993 -0.025903 -1.225976 -0.000991 0.026044 0.999660 48.230511
0.997197 -0.074474 0.007148 -5.347925 0.074607 0.997000 -0.020586 -1.408447 -0.005593 0.021062 0.999763 49.196421
0.996987 -0.077248 0.007104 -5.394732 0.077344 0.996900 -0.014442 -1.445758 -0.005966 0.014948 0.999870 49.876274
0.996910 -0.078125 0.008194 -5.500155 0.078204 0.996889 -0.009829 -1.433634 -0.007401 0.010440 0.999918 50.656089
0.996709 -0.080620 0.008416 -5.561854 0.080695 0.996698 -0.009010 -1.442972 -0.007662 0.009660 0.999924 51.321914
0.996161 -0.086759 0.011654 -5.711160 0.086890 0.996154 -0.011279 -1.497962 -0.010630 0.012249 0.999868 52.236213
0.995981 -0.088484 0.013868 -5.827890 0.088654 0.995988 -0.012161 -1.604300 -0.012736 0.013341 0.999830 52.945079
0.995731 -0.090717 0.017033 -6.008413 0.090991 0.995722 -0.016057 -1.673040 -0.015503 0.017538 0.999726 54.072729
0.995833 -0.088931 0.020213 -6.147689 0.089379 0.995744 -0.022486 -1.612498 -0.018128 0.024199 0.999543 54.916354
0.995937 -0.086782 0.024064 -6.323126 0.087303 0.995950 -0.021510 -1.713173 -0.022100 0.023523 0.999479 55.784198
0.996094 -0.084307 0.026245 -6.427898 0.084728 0.996286 -0.015359 -1.865696 -0.024853 0.017523 0.999538 56.699050
0.995731 -0.088444 0.026395 -6.446801 0.088725 0.996009 -0.009657 -2.105014 -0.025436 0.011958 0.999605 57.787490
0.995716 -0.088425 0.027012 -6.480996 0.088759 0.995988 -0.011398 -2.004623 -0.025896 0.013747 0.999570 58.616281
0.995749 -0.086765 0.030917 -6.681150 0.087201 0.996105 -0.013040 -1.864628 -0.029665 0.015681 0.999437 59.298513
0.995256 -0.090804 0.034919 -6.868035 0.091214 0.995778 -0.010347 -1.969342 -0.033832 0.013483 0.999337 60.261014
0.995044 -0.093103 0.034915 -6.920702 0.093384 0.995609 -0.006507 -2.045511 -0.034156 0.009735 0.999369 60.974490
0.994644 -0.096477 0.037092 -7.038116 0.096782 0.995284 -0.006515 -2.024086 -0.036288 0.010070 0.999291 62.090701
0.994278 -0.099637 0.038514 -7.136395 0.099987 0.994962 -0.007276 -2.064608 -0.037595 0.011086 0.999232 62.920881
0.994142 -0.100884 0.038779 -7.161070 0.101345 0.994800 -0.010105 -2.134983 -0.037558 0.013976 0.999197 63.834253
0.994008 -0.101525 0.040514 -7.254373 0.102075 0.994707 -0.011740 -2.178977 -0.039107 0.015805 0.999110 64.714013
0.993898 -0.101500 0.043171 -7.397490 0.102020 0.994732 -0.010011 -2.221220 -0.041928 0.014355 0.999018 65.720909
0.994169 -0.101421 0.036625 -7.183487 0.101738 0.994787 -0.006893 -2.193031 -0.035735 0.010579 0.999305 66.410304
0.993949 -0.103650 0.036349 -7.201648 0.103743 0.994604 -0.000663 -2.317768 -0.036084 0.004430 0.999339 67.475959
0.994056 -0.101501 0.039374 -7.337407 0.101639 0.994820 -0.001517 -2.297689 -0.039017 0.005510 0.999223 68.448273
0.993868 -0.103035 0.040125 -7.387433 0.103270 0.994646 -0.003803 -2.308704 -0.039518 0.007923 0.999187 69.221746
0.993656 -0.104186 0.042354 -7.503839 0.104464 0.994519 -0.004400 -2.332702 -0.041664 0.008797 0.999093 70.134534
0.993109 -0.109294 0.042292 -7.523399 0.109498 0.993984 -0.002521 -2.446277 -0.041762 0.007135 0.999102 71.165325
0.992787 -0.111202 0.044808 -7.656245 0.111497 0.993756 -0.004135 -2.381688 -0.044068 0.009101 0.998987 72.018382
0.992629 -0.112264 0.045655 -7.691501 0.112565 0.993636 -0.004085 -2.358653 -0.044905 0.009194 0.998949 73.099923
0.992239 -0.114419 0.048679 -7.831447 0.114665 0.993402 -0.002264 -2.345127 -0.048099 0.007828 0.998812 73.920179
0.991523 -0.121259 0.046672 -7.749767 0.121381 0.992606 0.000234 -2.471443 -0.046355 0.005433 0.998910 75.020165
0.991250 -0.123595 0.046335 -7.818336 0.123655 0.992324 0.001572 -2.550059 -0.046173 0.004171 0.998925 75.912569
0.990717 -0.127688 0.046633 -7.934753 0.127830 0.991796 -0.000064 -2.560104 -0.046243 0.006024 0.998912 76.767799
0.991151 -0.126493 0.040238 -7.806706 0.126645 0.991947 -0.001230 -2.566104 -0.039758 0.006316 0.999189 77.482404
0.991386 -0.125618 0.037055 -7.807451 0.125729 0.992064 -0.000650 -2.633285 -0.036679 0.005303 0.999313 78.317585
0.991203 -0.127079 0.036977 -7.905987 0.127071 0.991890 0.002580 -2.729939 -0.037005 0.002141 0.999313 79.153967
0.990632 -0.131294 0.037543 -8.029578 0.131310 0.991339 0.002045 -2.726834 -0.037487 0.002904 0.999293 79.941624
0.990592 -0.131934 0.036339 -8.095345 0.131907 0.991257 0.003135 -2.757480 -0.036435 0.001688 0.999335 80.667769
0.990662 -0.131485 0.036066 -8.177441 0.131428 0.991318 0.003933 -2.791169 -0.036270 0.000844 0.999342 81.402201
0.991076 -0.129203 0.032798 -8.166594 0.129163 0.991618 0.003347 -2.790692 -0.032955 0.000919 0.999456 82.059230
0.991257 -0.127847 0.032642 -8.252160 0.127853 0.991791 0.001916 -2.818028 -0.032619 0.002274 0.999465 82.722901
0.991384 -0.126947 0.032297 -8.298381 0.127048 0.991896 -0.001075 -2.863594 -0.031899 0.005169 0.999478 83.319281
0.991556 -0.126024 0.030564 -8.345049 0.126261 0.991979 -0.005919 -2.859868 -0.029573 0.009728 0.999515 83.934492
0.991331 -0.127760 0.030653 -8.417742 0.128049 0.991738 -0.007650 -2.920842 -0.029423 0.011508 0.999501 84.566270
0.991316 -0.127291 0.032998 -8.537257 0.127722 0.991746 -0.011285 -2.880685 -0.031289 0.015402 0.999392 85.128278
0.992220 -0.119608 0.034539 -8.559484 0.120157 0.992652 -0.014277 -2.786291 -0.032578 0.018317 0.999301 85.722856
0.992521 -0.116865 0.035293 -8.521500 0.117238 0.993066 -0.008692 -2.910331 -0.034033 0.012764 0.999339 86.256935
0.992280 -0.116554 0.042372 -8.572444 0.116944 0.993115 -0.006840 -2.933859 -0.041283 0.011742 0.999078 86.789047
0.991874 -0.116744 0.050565 -8.615290 0.117048 0.993121 -0.003091 -2.968910 -0.049856 0.008984 0.998716 87.269295
0.991048 -0.119029 0.060457 -8.622835 0.119174 0.992873 0.001205 -3.009690 -0.060169 0.006011 0.998170 87.766271
0.989878 -0.122069 0.072391 -8.636909 0.122129 0.992508 0.003611 -3.010589 -0.072289 0.005266 0.997370 88.193611
0.988497 -0.124466 0.085914 -8.606347 0.124464 0.992209 0.005404 -3.036161 -0.085917 0.005351 0.996288 88.675208
0.986581 -0.128020 0.101332 -8.607712 0.128008 0.991751 0.006647 -3.055827 -0.101347 0.006413 0.994830 89.062341
0.985435 -0.117261 0.123160 -8.684741 0.118144 0.992996 0.000135 -2.868301 -0.122313 0.014418 0.992387 89.385878
0.982237 -0.117512 0.146289 -8.699334 0.119042 0.992888 -0.001716 -2.859900 -0.145047 0.019100 0.989240 89.735109
0.977686 -0.123298 0.170083 -8.631770 0.125103 0.992144 0.000102 -2.944598 -0.168759 0.021178 0.985430 90.110312
0.972323 -0.126388 0.196502 -8.576841 0.128609 0.991694 0.001473 -2.951309 -0.195056 0.023840 0.980502 90.448758
0.965466 -0.129086 0.226301 -8.543563 0.131567 0.991299 0.004150 -2.939129 -0.224867 0.025767 0.974049 90.761101
0.957518 -0.132335 0.256216 -8.435700 0.135132 0.990805 0.006738 -2.932438 -0.254752 0.028171 0.966596 91.084306
0.949061 -0.128792 0.287569 -8.186432 0.132539 0.991157 0.006487 -2.857295 -0.285861 0.031957 0.957738 91.539490
0.937395 -0.129145 0.323439 -8.020795 0.133385 0.991022 0.009125 -2.792210 -0.321714 0.034588 0.946205 91.898911
0.924216 -0.128741 0.359514 -7.745017 0.133196 0.991011 0.012466 -2.776805 -0.357887 0.036364 0.933057 92.367257
0.908379 -0.126998 0.398396 -7.534640 0.131111 0.991221 0.017030 -2.774993 -0.397061 0.036764 0.917056 92.744683
0.889271 -0.123545 0.440378 -7.332900 0.126969 0.991667 0.021813 -2.758039 -0.439403 0.036517 0.897547 93.103309
0.868614 -0.121668 0.480320 -7.039835 0.123670 0.991939 0.027618 -2.744363 -0.479808 0.035412 0.876658 93.532039
0.844774 -0.125201 0.520271 -6.797676 0.124660 0.991539 0.036195 -2.745820 -0.520401 0.034280 0.853234 93.846615
0.818324 -0.126268 0.560716 -6.532684 0.124272 0.991364 0.041881 -2.732579 -0.561161 0.035409 0.826949 94.152701
0.790080 -0.126018 0.599911 -6.261514 0.123154 0.991319 0.046045 -2.720101 -0.600505 0.037503 0.798741 94.436603
0.760420 -0.123850 0.637513 -5.932207 0.120398 0.991515 0.049013 -2.722520 -0.638174 0.039484 0.768879 94.764102
0.727419 -0.119662 0.675679 -5.656268 0.115876 0.991957 0.050925 -2.708130 -0.676339 0.041251 0.735434 95.008989
0.689847 -0.116676 0.714491 -5.361598 0.110829 0.992314 0.055037 -2.700844 -0.715421 0.041219 0.697476 95.290443
0.650121 -0.113940 0.751239 -5.042269 0.099698 0.992937 0.064319 -2.746297 -0.753261 0.033081 0.656889 95.538951
0.611035 -0.110710 0.783824 -4.712430 0.099285 0.993071 0.062867 -2.648502 -0.785353 0.039407 0.617793 95.671717
0.564477 -0.114265 0.817502 -4.330981 0.091716 0.992922 0.075455 -2.693940 -0.820338 0.032386 0.570962 95.958021
0.518345 -0.116150 0.847247 -3.934303 0.086019 0.992790 0.083476 -2.663497 -0.850834 0.029610 0.524599 96.166478
0.470496 -0.116362 0.874696 -3.558593 0.085453 0.992616 0.086084 -2.573521 -0.878255 0.034243 0.476966 96.320683
0.422248 -0.118677 0.898678 -3.149345 0.080334 0.992391 0.093308 -2.534852 -0.902913 0.032796 0.428569 96.444667
0.369775 -0.121888 0.921092 -2.700526 0.076934 0.991970 0.100382 -2.473938 -0.925931 0.033744 0.376183 96.593971
0.316557 -0.122960 0.940570 -2.248873 0.066371 0.992004 0.107346 -2.455049 -0.946249 0.028446 0.322187 96.737323
0.265832 -0.118863 0.956663 -1.884223 0.048587 0.992760 0.109847 -2.477912 -0.962794 0.017281 0.269683 96.818628
0.216280 -0.113248 0.969741 -1.306328 0.048514 0.993270 0.105176 -2.355283 -0.975125 0.024299 0.220318 96.894016
0.168655 -0.111276 0.979374 -0.801506 0.044566 0.993452 0.105201 -2.300283 -0.984667 0.025904 0.172509 96.972487
0.127512 -0.111055 0.985600 -0.217997 0.049193 0.993197 0.105547 -2.222799 -0.990616 0.035026 0.132108 96.987174
0.092189 -0.110974 0.989538 0.339358 0.051510 0.992971 0.106561 -2.172832 -0.994408 0.041147 0.097257 96.984871
0.061959 -0.109488 0.992055 0.963216 0.051506 0.992991 0.106375 -2.104828 -0.996749 0.044506 0.067164 96.993676
0.034796 -0.110979 0.993213 1.577224 0.046259 0.992929 0.109326 -2.031733 -0.998323 0.042141 0.039684 96.999807
0.010569 -0.114727 0.993341 2.277315 0.038989 0.992688 0.114237 -1.937620 -0.999184 0.037522 0.014965 97.036377
-0.011715 -0.119769 0.992733 2.928892 0.028732 0.992351 0.120062 -1.899880 -0.999519 0.029930 -0.008185 97.015511
-0.034684 -0.121980 0.991926 3.698943 0.030860 0.991919 0.123059 -1.818479 -0.998922 0.034879 -0.030640 97.017028
-0.055712 -0.120791 0.991113 4.408592 0.036014 0.991766 0.122895 -1.739843 -0.997797 0.042541 -0.050903 96.982287
-0.072896 -0.118291 0.990300 5.129415 0.038823 0.991852 0.121334 -1.663992 -0.996584 0.047292 -0.067710 96.880908
-0.087209 -0.112079 0.989865 6.218644 0.043367 0.992282 0.116173 -1.489272 -0.995246 0.053058 -0.081675 96.865036
-0.097972 -0.107703 0.989344 7.155878 0.039194 0.992938 0.111976 -1.387879 -0.994417 0.049746 -0.093059 96.853171
-0.104058 -0.108381 0.988648 7.963273 0.039663 0.992802 0.113011 -1.315542 -0.993780 0.050972 -0.099010 96.735548
-0.107624 -0.111067 0.987968 8.853768 0.046543 0.992088 0.116600 -1.216120 -0.993102 0.058532 -0.101603 96.666833
-0.107579 -0.111610 0.987912 10.054464 0.051291 0.991732 0.117627 -1.024706 -0.992873 0.063325 -0.100965 96.618613
-0.104613 -0.113347 0.988033 11.128986 0.047943 0.991754 0.118850 -1.015012 -0.993357 0.059802 -0.098316 96.441136
-0.100700 -0.114824 0.988269 12.194792 0.039297 0.992084 0.119271 -1.007188 -0.994140 0.050846 -0.095390 96.143261
-0.099080 -0.114018 0.988526 13.072260 0.038097 0.992251 0.118266 -0.904958 -0.994350 0.049377 -0.093969 96.020537
-0.097907 -0.113670 0.988683 14.435340 0.037206 0.992343 0.117775 -0.810358 -0.994500 0.048316 -0.092928 95.908832
-0.096860 -0.114701 0.988667 16.052090 0.035493 0.992308 0.118601 -0.705390 -0.994665 0.046578 -0.092044 95.772779
-0.096562 -0.115809 0.988567 17.140179 0.036688 0.992119 0.119809 -0.549966 -0.994651 0.047837 -0.091552 95.713038
-0.095517 -0.116396 0.988599 18.542018 0.038241 0.991978 0.120488 -0.370148 -0.994693 0.049313 -0.090300 95.543344
-0.095745 -0.118330 0.988348 19.939675 0.039205 0.991690 0.122528 -0.201943 -0.994634 0.050480 -0.090310 95.399488
-0.096126 -0.119548 0.988164 21.245755 0.037145 0.991639 0.123582 -0.046319 -0.994676 0.048584 -0.090882 95.285257
-0.096211 -0.122249 0.987825 22.367856 0.032135 0.991530 0.125838 -0.012780 -0.994842 0.043850 -0.091468 95.124391
-0.097390 -0.124693 0.987404 23.735577 0.033887 0.991130 0.128505 0.135144 -0.994669 0.045975 -0.092300 94.972313
-0.098431 -0.126492 0.987072 25.039403 0.034313 0.990868 0.130400 0.263038 -0.994552 0.046705 -0.093191 94.830113
-0.099768 -0.128035 0.986739 26.644957 0.029321 0.990878 0.131537 0.391736 -0.994579 0.042055 -0.095104 94.731204
-0.099780 -0.124589 0.987179 27.751388 0.023977 0.991541 0.127563 0.459243 -0.994721 0.036398 -0.095948 94.596289
-0.100660 -0.119826 0.987679 29.238600 0.024897 0.992107 0.122901 0.629461 -0.994609 0.036962 -0.096882 94.456413
-0.101662 -0.118458 0.987741 30.770524 0.024842 0.992273 0.121558 0.764096 -0.994509 0.036895 -0.097934 94.345649
-0.101616 -0.120572 0.987490 32.112977 0.019152 0.992207 0.123119 0.920607 -0.994639 0.031424 -0.098515 94.167058
-0.101858 -0.125176 0.986892 33.631159 0.015445 0.991733 0.127385 1.070084 -0.994679 0.028217 -0.099083 94.000222
-0.102055 -0.129627 0.986297 35.017070 0.017657 0.991081 0.132083 1.272589 -0.994622 0.030895 -0.098856 93.860495
-0.101176 -0.135126 0.985649 36.465992 0.013656 0.990451 0.137186 1.456355 -0.994775 0.027340 -0.098364 93.713306
-0.100848 -0.137509 0.985353 38.156986 0.008032 0.990258 0.139015 1.579824 -0.994869 0.021934 -0.098761 93.589434
-0.099906 -0.131436 0.986278 39.578569 0.008206 0.991094 0.132909 1.699835 -0.994963 0.021372 -0.097937 93.419777
-0.098996 -0.120178 0.987804 40.961923 0.011743 0.992470 0.121922 1.888350 -0.995019 0.023670 -0.096840 93.269579
-0.099042 -0.115463 0.988362 42.685366 0.011362 0.993049 0.117149 2.049208 -0.995018 0.022832 -0.097042 93.178810
-0.097559 -0.121222 0.987820 44.115242 0.011960 0.992340 0.122958 2.163256 -0.995158 0.023810 -0.095362 93.035707
-0.097330 -0.128764 0.986887 45.533876 0.016546 0.991249 0.130965 2.294087 -0.995115 0.029076 -0.094347 92.930355
-0.097616 -0.130709 0.986603 46.420203 0.021781 0.990820 0.133422 2.408154 -0.994986 0.034513 -0.093873 92.880275
-0.097687 -0.129997 0.986690 47.859525 0.020508 0.990959 0.132590 2.583389 -0.995006 0.033187 -0.094138 92.779034
-0.098238 -0.129293 0.986728 49.198002 0.018568 0.991114 0.131716 2.722857 -0.994990 0.031261 -0.094965 92.682413
-0.099538 -0.129355 0.986590 50.561480 0.015787 0.991184 0.131550 2.887341 -0.994909 0.028670 -0.096618 92.529723
-0.101250 -0.129934 0.986339 51.703556 0.013264 0.991170 0.131932 3.011616 -0.994773 0.026441 -0.098632 92.420170
-0.102890 -0.129815 0.986185 52.961198 0.011204 0.991233 0.131648 3.140848 -0.994630 0.024595 -0.100534 92.310146
-0.104290 -0.130024 0.986011 54.297858 0.008069 0.991274 0.131572 3.271200 -0.994514 0.021678 -0.102331 92.167504
-0.105912 -0.131175 0.985685 55.991365 0.005345 0.991171 0.132479 3.463697 -0.994361 0.019299 -0.104276 91.984964
-0.107962 -0.132420 0.985296 57.454278 0.004742 0.991009 0.133708 3.629237 -0.994144 0.019108 -0.106363 91.842339
-0.109927 -0.132384 0.985084 58.954156 0.004323 0.991017 0.133664 3.778109 -0.993930 0.018952 -0.108368 91.705339
-0.111793 -0.131704 0.984965 60.366465 0.002924 0.991130 0.132860 3.925776 -0.993727 0.017733 -0.110416 91.572173
-0.113022 -0.131100 0.984905 61.978706 0.003679 0.991195 0.132360 4.127779 -0.993586 0.018583 -0.111544 91.436597
-0.114135 -0.132196 0.984631 63.156374 0.006266 0.990992 0.133776 4.267966 -0.993446 0.021438 -0.112278 91.272091
-0.115101 -0.132847 0.984430 64.543946 0.004339 0.990940 0.134233 4.437700 -0.993344 0.019721 -0.113482 91.079341
-0.115686 -0.133512 0.984272 65.655874 0.002910 0.990875 0.134749 4.566501 -0.993282 0.018453 -0.114242 90.942754
-0.116439 -0.135845 0.983864 67.020292 -0.001674 0.990628 0.136581 4.649423 -0.993196 0.014256 -0.115575 90.789847
-0.117230 -0.136869 0.983628 68.254742 -0.002537 0.990495 0.137522 4.808420 -0.993102 0.013627 -0.116463 90.672009
-0.117650 -0.137060 0.983551 69.117343 -0.001396 0.990452 0.137854 4.869450 -0.993054 0.014845 -0.116718 90.573622
-0.118055 -0.135168 0.983765 70.020462 -0.002745 0.990733 0.135796 4.978880 -0.993003 0.013331 -0.117332 90.508174
-0.118939 -0.132592 0.984009 71.418768 -0.002780 0.991084 0.133209 5.126088 -0.992898 0.013109 -0.118247 90.430462
-0.117654 -0.132002 0.984242 72.406218 -0.006063 0.991203 0.132211 5.221732 -0.993036 0.009588 -0.117419 90.263159
-0.117844 -0.130987 0.984355 73.663210 -0.005172 0.991330 0.131296 5.376559 -0.993019 0.010382 -0.117500 90.131614
-0.117938 -0.131476 0.984279 74.818422 -0.004325 0.991255 0.131890 5.494031 -0.993012 0.011298 -0.117475 90.005108
-0.118083 -0.132356 0.984143 75.908669 -0.004313 0.991136 0.132779 5.601030 -0.992994 0.011435 -0.117608 89.869267
-0.117500 -0.132514 0.984192 77.153182 -0.008681 0.991156 0.132416 5.751879 -0.993035 0.007015 -0.117611 89.711407
-0.116511 -0.132696 0.984285 78.298993 -0.011986 0.991150 0.132203 5.886658 -0.993117 0.003606 -0.117071 89.568683
-0.116312 -0.134549 0.984057 79.515829 -0.012362 0.990901 0.134024 6.003343 -0.993136 0.003423 -0.116917 89.397999
-0.116928 -0.135540 0.983848 80.548416 -0.013486 0.990769 0.134891 6.116309 -0.993049 0.002504 -0.117676 89.254420
-0.121638 -0.135120 0.983334 82.065255 -0.016347 0.990829 0.134128 6.319051 -0.992440 0.000240 -0.122732 89.191107
-0.125983 -0.135984 0.982668 83.290597 -0.021860 0.990700 0.134293 6.457400 -0.991791 -0.004563 -0.127784 89.025389
-0.132683 -0.132373 0.982279 84.617222 -0.018674 0.991200 0.131052 6.578622 -0.990983 -0.000955 -0.133987 88.893885
-0.139349 -0.129751 0.981706 85.748597 -0.018132 0.991547 0.128478 6.710522 -0.990077 0.000103 -0.140524 88.727195
-0.146110 -0.127850 0.980972 87.164001 -0.019074 0.991793 0.126420 6.875604 -0.989085 -0.000240 -0.147349 88.553337
-0.151480 -0.128655 0.980052 88.346406 -0.023828 0.991681 0.126498 7.012635 -0.988173 -0.004190 -0.153285 88.375256
-0.156281 -0.130077 0.979110 89.670245 -0.025562 0.991491 0.127642 7.142613 -0.987382 -0.005080 -0.158276 88.146131
-0.160029 -0.129682 0.978557 90.742517 -0.029597 0.991517 0.126560 7.282075 -0.986669 -0.008710 -0.162510 87.955733
-0.163289 -0.129743 0.978010 91.957982 -0.030978 0.991501 0.126361 7.465456 -0.986092 -0.009663 -0.165920 87.719564
-0.165720 -0.132891 0.977178 93.287434 -0.030816 0.991093 0.129557 7.615790 -0.985691 -0.008643 -0.168340 87.506016
-0.167911 -0.135930 0.976386 94.640770 -0.028899 0.990701 0.132953 7.768497 -0.985378 -0.005892 -0.170278 87.293403
-0.169178 -0.138618 0.975789 96.000056 -0.028054 0.990336 0.135821 7.929492 -0.985186 -0.004396 -0.171432 87.079180
-0.170221 -0.139795 0.975439 97.416213 -0.032261 0.990146 0.136273 8.074078 -0.984878 -0.008272 -0.173054 86.847329
-0.170896 -0.136275 0.975820 98.761765 -0.031622 0.990637 0.132806 8.236418 -0.984782 -0.008161 -0.173605 86.600370
-0.171517 -0.131953 0.976304 100.083073 -0.025840 0.991251 0.129434 8.406973 -0.984842 -0.003028 -0.173426 86.315716
-0.173291 -0.127276 0.976612 101.606534 -0.021836 0.991867 0.125390 8.558699 -0.984628 0.000404 -0.174661 86.051829
-0.173903 -0.125563 0.976725 102.907180 -0.019552 0.992083 0.124056 8.723595 -0.984569 0.002477 -0.174981 85.817106
-0.174238 -0.128084 0.976338 104.421948 -0.021475 0.991763 0.126275 8.871449 -0.984469 0.001036 -0.175553 85.592820
-0.174081 -0.132929 0.975718 105.889009 -0.021198 0.991123 0.131245 9.035954 -0.984503 0.002164 -0.175354 85.348909
-0.174486 -0.134686 0.975405 107.157166 -0.019064 0.990877 0.133413 9.187189 -0.984475 0.004684 -0.175462 85.120426
-0.175486 -0.135550 0.975106 108.659922 -0.020289 0.990763 0.134075 9.334055 -0.984273 0.003744 -0.176615 84.877413
-0.177348 -0.134241 0.974950 110.185285 -0.020135 0.990941 0.132780 9.522283 -0.983942 0.003917 -0.178444 84.665131
-0.179248 -0.133930 0.974645 111.654665 -0.022343 0.990989 0.132067 9.692050 -0.983550 0.001896 -0.180626 84.394618
-0.181268 -0.133816 0.974287 113.060950 -0.022286 0.991004 0.131966 9.848624 -0.983181 0.002208 -0.182620 84.134032
-0.183161 -0.133472 0.973980 114.572203 -0.021393 0.991047 0.131788 10.022897 -0.982850 0.003302 -0.184377 83.874362
-0.184795 -0.133113 0.973721 116.125134 -0.020732 0.991092 0.131553 10.228504 -0.982558 0.004123 -0.185909 83.572326
-0.186104 -0.134421 0.973291 117.406309 -0.026623 0.990923 0.131766 10.306540 -0.982169 -0.001389 -0.187994 83.342434
-0.187008 -0.133159 0.973292 118.764414 -0.027273 0.991092 0.130355 10.451234 -0.981980 -0.002167 -0.188974 83.075181
-0.187483 -0.133423 0.973164 120.095110 -0.029411 0.991050 0.130209 10.572885 -0.981827 -0.004210 -0.189729 82.817841
-0.188731 -0.133302 0.972939 121.714583 -0.031222 0.991058 0.129728 10.779898 -0.981532 -0.005894 -0.191206 82.518880
-0.190408 -0.134994 0.972379 123.357758 -0.031180 0.990832 0.131451 10.965884 -0.981210 -0.005290 -0.192871 82.315619
-0.190881 -0.137366 0.971954 124.489469 -0.034069 0.990491 0.133295 11.103132 -0.981022 -0.007670 -0.193745 82.095901
-0.192249 -0.139819 0.971335 125.782585 -0.036715 0.990130 0.135258 11.234977 -0.980659 -0.009659 -0.195485 81.864485
-0.194526 -0.140067 0.970846 127.432531 -0.035641 0.990108 0.135704 11.449705 -0.980250 -0.008204 -0.197593 81.560777
-0.196136 -0.139021 0.970672 128.855431 -0.033124 0.990273 0.135135 11.634607 -0.980017 -0.005647 -0.198833 81.253592
-0.198159 -0.138342 0.970358 130.329356 -0.035300 0.990354 0.133985 11.785522 -0.979534 -0.007704 -0.201131 80.969541
-0.200114 -0.135013 0.970426 131.690952 -0.034169 0.990819 0.130805 11.939574 -0.979177 -0.006982 -0.202890 80.732753
-0.200696 -0.131554 0.970780 132.941007 -0.032790 0.991289 0.127554 12.052251 -0.979105 -0.006233 -0.203262 80.477794
-0.202030 -0.127472 0.971048 134.577291 -0.031510 0.991826 0.123644 12.268472 -0.978872 -0.005618 -0.204395 80.184590
-0.201565 -0.124989 0.971468 136.322530 -0.027508 0.992156 0.121944 12.510956 -0.979089 -0.002144 -0.203422 79.787304
-0.201310 -0.125533 0.971450 137.926525 -0.024425 0.992089 0.123138 12.696257 -0.979223 0.001062 -0.202783 79.423868
-0.201010 -0.127705 0.971229 139.515500 -0.023780 0.991810 0.125489 12.859084 -0.979301 0.002129 -0.202400 79.080845
-0.199597 -0.129321 0.971307 141.038212 -0.023340 0.991599 0.127227 13.015972 -0.979600 0.002724 -0.200938 78.717736
-0.198224 -0.131637 0.971277 142.763050 -0.025094 0.991297 0.129229 13.233998 -0.979835 0.001243 -0.199803 78.441337
-0.196881 -0.134578 0.971147 144.255470 -0.023826 0.990899 0.132485 13.419082 -0.980138 0.002946 -0.198295 78.177917
-0.195711 -0.137801 0.970931 145.972497 -0.024316 0.990456 0.135671 13.638183 -0.980360 0.002943 -0.197194 77.874162
-0.193595 -0.137993 0.971328 147.699401 -0.025187 0.990432 0.135687 13.836606 -0.980758 0.001804 -0.195218 77.524890
-0.192540 -0.134648 0.972007 148.958252 -0.023212 0.990889 0.132665 13.912969 -0.981015 0.002981 -0.193911 77.332795
-0.190736 -0.129565 0.973053 150.419914 -0.022025 0.991567 0.127712 13.967588 -0.981394 0.002927 -0.191981 77.045078
-0.188995 -0.125862 0.973879 152.496149 -0.023261 0.992048 0.123696 14.210524 -0.981703 0.000725 -0.190419 76.663530
-0.187331 -0.127827 0.973944 154.085345 -0.024314 0.991796 0.125494 14.425769 -0.981996 -0.000172 -0.188902 76.378607
-0.185727 -0.129457 0.974036 155.650431 -0.022604 0.991584 0.127479 14.682287 -0.982341 0.001660 -0.187090 76.030870
-0.185268 -0.131442 0.973858 157.318543 -0.022952 0.991323 0.129432 14.843042 -0.982420 0.001628 -0.186677 75.741241
-0.185315 -0.132973 0.973641 158.846281 -0.023966 0.991119 0.130799 14.923484 -0.982387 0.000905 -0.186856 75.558828
-0.184433 -0.132723 0.973842 160.579479 -0.023880 0.991153 0.130559 15.136342 -0.982555 0.000824 -0.185971 75.232117
-0.184297 -0.134416 0.973636 162.163615 -0.021026 0.990917 0.132822 15.321131 -0.982646 0.004007 -0.185449 74.966303
-0.183130 -0.134695 0.973818 163.830461 -0.017962 0.990862 0.133675 15.522580 -0.982925 0.006988 -0.183876 74.621910
-0.182647 -0.134356 0.973955 165.307120 -0.016326 0.990897 0.133632 15.629001 -0.983043 0.008507 -0.183178 74.351661
-0.182741 -0.132052 0.974253 166.928093 -0.015317 0.991201 0.131477 15.814234 -0.983042 0.009104 -0.183155 74.156348
-0.182676 -0.131546 0.974333 168.618173 -0.018959 0.991296 0.130281 15.943652 -0.982990 0.005326 -0.183579 73.972768
-0.181608 -0.136299 0.973879 170.188725 -0.024458 0.990668 0.134088 16.116634 -0.983067 0.000532 -0.183247 73.713318
-0.181568 -0.138786 0.973536 171.951954 -0.030500 0.990309 0.135489 16.332428 -0.982905 -0.005092 -0.184041 73.449164
-0.181237 -0.139475 0.973499 173.544762 -0.034233 0.990187 0.135493 16.448809 -0.982844 -0.008770 -0.184233 73.099692
-0.182055 -0.134274 0.974077 175.127697 -0.036034 0.990878 0.129855 16.684048 -0.982628 -0.011460 -0.185232 72.836698
-0.182152 -0.131497 0.974438 176.762505 -0.036830 0.991234 0.126879 16.883407 -0.982580 -0.012777 -0.185399 72.504443
-0.184006 -0.131705 0.974061 178.500186 -0.037867 0.991197 0.126868 17.025891 -0.982195 -0.013540 -0.187373 72.299690
-0.185212 -0.131745 0.973827 180.130660 -0.035482 0.991223 0.127350 17.221903 -0.982058 -0.010967 -0.188261 72.069986
-0.185685 -0.130981 0.973840 181.585398 -0.032639 0.991351 0.127113 17.383549 -0.982067 -0.008182 -0.188354 71.794472
-0.186472 -0.127683 0.974128 183.108159 -0.031283 0.991788 0.124009 17.560596 -0.981962 -0.007349 -0.188935 71.533263
-0.187481 -0.126150 0.974134 184.596147 -0.030424 0.991989 0.122607 17.733622 -0.981797 -0.006651 -0.189817 71.323348
-0.187884 -0.125787 0.974103 186.250383 -0.032286 0.992020 0.121874 17.909781 -0.981660 -0.008552 -0.190446 70.988415
-0.190422 -0.127519 0.973385 187.844952 -0.032740 0.991801 0.123527 18.016839 -0.981156 -0.008346 -0.193036 70.793820
-0.193723 -0.128156 0.972650 189.205110 -0.035375 0.991699 0.123620 18.036845 -0.980418 -0.010460 -0.196648 70.558201
-0.196872 -0.123689 0.972596 190.654633 -0.034093 0.992274 0.119290 18.297062 -0.979836 -0.009674 -0.199568 70.294268
-0.199589 -0.123613 0.972051 192.023453 -0.037380 0.992249 0.118506 18.400907 -0.979166 -0.012683 -0.202663 70.010335
-0.203295 -0.123532 0.971294 193.558465 -0.036875 0.992271 0.118482 18.547982 -0.978423 -0.011730 -0.206279 69.755891
-0.206317 -0.124636 0.970515 195.056697 -0.036638 0.992143 0.119625 18.715468 -0.977799 -0.010877 -0.209262 69.472337
-0.209393 -0.123824 0.969960 196.475247 -0.035559 0.992258 0.118994 18.863282 -0.977185 -0.009574 -0.212175 69.212437
-0.210887 -0.121210 0.969966 197.771853 -0.043227 0.992468 0.114623 18.930595 -0.976554 -0.017756 -0.214538 68.980712
-0.213552 -0.115347 0.970098 199.311527 -0.045454 0.993103 0.108076 19.029542 -0.975874 -0.021015 -0.217322 68.784145
-0.216499 -0.111491 0.969896 200.771949 -0.038767 0.993656 0.105569 19.222307 -0.975513 -0.014744 -0.219448 68.458237
-0.220051 -0.114106 0.968792 202.376786 -0.036892 0.993398 0.108625 19.291203 -0.974791 -0.011838 -0.222807 68.174988
-0.223561 -0.121877 0.967040 203.808836 -0.038606 0.992480 0.116159 19.411750 -0.973925 -0.011365 -0.226585 67.918770
-0.226109 -0.124227 0.966148 205.197790 -0.039851 0.992184 0.118248 19.538902 -0.973287 -0.011765 -0.229292 67.655590
-0.228676 -0.122156 0.965808 206.714634 -0.039373 0.992445 0.116203 19.639987 -0.972706 -0.011454 -0.231758 67.399851
-0.231385 -0.119075 0.965548 208.133884 -0.042275 0.992774 0.112301 19.782718 -0.971943 -0.014834 -0.234747 67.132927
-0.234353 -0.117151 0.965067 209.500779 -0.043691 0.992979 0.109929 19.902921 -0.971169 -0.016402 -0.237826 66.875682
-0.236964 -0.112405 0.964994 210.947985 -0.038788 0.993587 0.106211 20.026947 -0.970744 -0.012262 -0.239804 66.573990
-0.239637 -0.107977 0.964839 212.278054 -0.036987 0.994090 0.102063 20.147733 -0.970158 -0.011228 -0.242215 66.311665
-0.243722 -0.105558 0.964083 213.789573 -0.037977 0.994336 0.099270 20.311384 -0.969101 -0.012419 -0.246351 66.073037
-0.246325 -0.108559 0.963088 215.184146 -0.035375 0.994052 0.103002 20.359217 -0.968541 -0.008697 -0.248701 65.773716
-0.251778 -0.111399 0.961352 216.625069 -0.030462 0.993773 0.107178 20.478321 -0.967306 -0.002300 -0.253604 65.487315
-0.257799 -0.112061 0.959678 217.954369 -0.029613 0.993701 0.108079 20.658306 -0.965745 -0.000556 -0.259494 65.176393
-0.263806 -0.113439 0.957882 219.478843 -0.031517 0.993544 0.108983 20.790835 -0.964061 -0.001439 -0.265678 64.801503
-0.273137 -0.113182 0.955294 220.880263 -0.031967 0.993574 0.108578 20.901544 -0.961444 -0.000881 -0.275000 64.543865
-0.283328 -0.112039 0.952456 222.250395 -0.029363 0.993700 0.108156 21.027551 -0.958574 0.002677 -0.284833 64.181603
-0.293913 -0.111743 0.949278 223.278354 -0.031438 0.993736 0.107242 21.134401 -0.955315 0.001677 -0.295585 63.777378
-0.306612 -0.109443 0.945522 224.815196 -0.029512 0.993983 0.105482 21.341120 -0.951377 0.004438 -0.307997 63.380536
-0.319885 -0.112150 0.940795 225.936778 -0.031998 0.993682 0.107574 21.312268 -0.946916 0.004307 -0.321453 63.075230
-0.329913 -0.114091 0.937091 227.421966 -0.031689 0.993449 0.109796 21.297357 -0.943479 0.006527 -0.331368 62.524075
-0.341099 -0.112896 0.933223 228.670412 -0.030747 0.993571 0.108959 21.496786 -0.939524 0.008472 -0.342377 62.108451
-0.351270 -0.112164 0.929531 230.057885 -0.025914 0.993583 0.110100 21.604610 -0.935915 0.014587 -0.351923 61.643788
-0.359098 -0.114395 0.926262 231.140082 -0.024991 0.993282 0.112984 21.616200 -0.932965 0.017424 -0.359545 61.169906
-0.365813 -0.112529 0.923860 232.593384 -0.023266 0.993459 0.111794 21.815197 -0.930397 0.019402 -0.366038 60.699149
-0.370097 -0.113370 0.922050 233.995849 -0.019329 0.993251 0.114366 21.984087 -0.928792 0.024504 -0.369791 60.116024
-0.374636 -0.116104 0.919874 235.109497 -0.014760 0.992750 0.119291 22.075052 -0.927055 0.031113 -0.373633 59.737596
-0.378705 -0.117709 0.918002 236.382682 -0.007014 0.992216 0.124331 22.165382 -0.925491 0.040646 -0.376583 59.298045
-0.379596 -0.119109 0.917453 237.593747 -0.004314 0.991895 0.126988 22.288763 -0.925142 0.044247 -0.377033 58.801738
-0.380827 -0.114254 0.917560 238.862685 -0.002890 0.992479 0.122383 22.407090 -0.924642 0.043955 -0.378293 58.371706
-0.380068 -0.110803 0.918298 239.990214 -0.001547 0.992874 0.119161 22.555160 -0.924957 0.043868 -0.377531 57.919496
-0.379994 -0.111155 0.918286 241.212723 -0.000126 0.992760 0.120117 22.686654 -0.924989 0.045529 -0.377256 57.426587
-0.378409 -0.111670 0.918878 242.641002 0.003205 0.992532 0.121941 22.866496 -0.925633 0.049089 -0.375225 56.886116
-0.379335 -0.116580 0.917886 243.872949 -0.001120 0.992088 0.125542 22.903775 -0.925259 0.046594 -0.376464 56.508423
-0.379248 -0.113925 0.918255 245.346208 0.003856 0.992188 0.124690 23.127808 -0.925287 0.050829 -0.375846 56.047133
-0.377230 -0.111767 0.919351 246.528327 0.005041 0.992429 0.122719 23.263241 -0.926106 0.050927 -0.373810 55.585274
-0.374555 -0.109242 0.920747 247.785215 0.008296 0.992601 0.121142 23.416994 -0.927167 0.053013 -0.370878 55.168775
-0.371009 -0.109948 0.922098 248.983806 0.011817 0.992327 0.123077 23.555247 -0.928554 0.056559 -0.366863 54.753627
-0.366476 -0.110435 0.923850 250.068659 0.016190 0.992024 0.125007 23.695804 -0.930287 0.060770 -0.361765 54.357895
-0.362055 -0.114604 0.925085 251.100174 0.013449 0.991668 0.128116 23.753647 -0.932060 0.058827 -0.357497 53.898201
-0.358768 -0.115561 0.926246 252.275631 0.013503 0.991560 0.128940 23.884501 -0.933329 0.058767 -0.354179 53.488540
-0.355718 -0.118046 0.927109 253.358518 0.012212 0.991319 0.130907 23.974466 -0.934514 0.057888 -0.351188 53.077239
-0.352531 -0.119029 0.928199 254.465456 0.016554 0.990929 0.133361 24.108206 -0.935654 0.062379 -0.347363 52.659922
-0.348821 -0.120005 0.929474 255.543520 0.019037 0.990656 0.135049 24.249051 -0.936996 0.064802 -0.343277 52.248725
-0.347144 -0.121119 0.929957 256.847731 0.020300 0.990422 0.136572 24.408830 -0.937592 0.066288 -0.341361 51.897604
-0.344083 -0.120527 0.931171 257.896483 0.018159 0.990687 0.134941 24.539103 -0.938764 0.063340 -0.338689 51.558030
-0.340859 -0.118318 0.932639 259.036109 0.017402 0.991085 0.132092 24.629683 -0.939953 0.061254 -0.335761 51.216103
-0.336796 -0.115804 0.934429 260.135238 0.019273 0.991352 0.129805 24.739546 -0.941380 0.061727 -0.331651 50.867481
-0.330745 -0.114180 0.936788 261.214096 0.020853 0.991527 0.128215 24.895801 -0.943490 0.061941 -0.325561 50.518790
-0.320888 -0.116324 0.939947 262.178272 0.017839 0.991511 0.128795 25.009050 -0.946949 0.058097 -0.316089 50.125742
-0.312547 -0.117191 0.942645 263.418652 0.020212 0.991315 0.129943 25.162765 -0.949687 0.059666 -0.307464 49.863265
