1.000000 0.000000 0.000000 0.000000 0.000000 1.000000 0.000000 0.000000 0.000000 0.000000 1.000000 0.000000
0.999997 -0.001655 -0.002052 0.008874 0.001654 0.999998 -0.000773 -0.013761 0.002053 0.000770 0.999998 0.503293
0.999990 -0.002251 -0.003764 0.009818 0.002242 0.999995 -0.002193 -0.026737 0.003769 0.002185 0.999991 0.994483
0.999975 -0.002667 -0.006579 0.017653 0.002644 0.999990 -0.003576 -0.037867 0.006588 0.003559 0.999972 1.498790
0.999945 -0.004950 -0.009269 0.023595 0.004901 0.999974 -0.005303 -0.049596 0.009295 0.005258 0.999943 1.986738
0.999904 -0.007550 -0.011579 0.027698 0.007471 0.999948 -0.006891 -0.067486 0.011630 0.006804 0.999909 2.496413
0.999857 -0.009279 -0.014138 0.037191 0.009177 0.999932 -0.007239 -0.084954 0.014205 0.007109 0.999874 2.996139
0.999843 -0.008864 -0.015337 0.010552 0.008750 0.999934 -0.007483 -0.080726 0.015402 0.007348 0.999854 3.510570
0.999817 -0.008991 -0.016891 -0.000164 0.008851 0.999926 -0.008301 -0.080208 0.016964 0.008150 0.999823 4.031788
0.999809 -0.007954 -0.017866 -0.033946 0.007768 0.999915 -0.010474 -0.111673 0.017948 0.010333 0.999786 4.568274
0.999796 -0.006138 -0.019226 -0.044037 0.005864 0.999881 -0.014246 -0.127625 0.019311 0.014130 0.999714 5.114126
0.999764 -0.005105 -0.021137 -0.067531 0.004729 0.999830 -0.017802 -0.142701 0.021224 0.017698 0.999618 5.658861
0.999770 -0.003123 -0.021215 -0.113392 0.002740 0.999834 -0.018028 -0.154375 0.021268 0.017965 0.999612 6.207075
0.999691 -0.001377 -0.024816 -0.101320 0.001089 0.999932 -0.011585 -0.156017 0.024830 0.011554 0.999625 6.790762
0.999670 -0.000341 -0.025679 -0.128335 0.000319 1.000000 -0.000871 -0.179107 0.025679 0.000862 0.999670 7.384167
0.999619 0.001146 -0.027569 -0.142813 -0.000975 0.999980 0.006212 -0.203497 0.027575 -0.006182 0.999601 7.992881
0.999577 0.002774 -0.028938 -0.170569 -0.002627 0.999983 0.005130 -0.212629 0.028952 -0.005051 0.999568 8.581685
0.999456 0.005132 -0.032568 -0.154066 -0.005185 0.999985 -0.001539 -0.229615 0.032559 0.001707 0.999468 9.190940
0.999420 0.004168 -0.033786 -0.198833 -0.004438 0.999959 -0.007905 -0.223213 0.033751 0.008051 0.999398 9.835247
0.999343 0.002474 -0.036161 -0.210106 -0.002705 0.999976 -0.006338 -0.228941 0.036144 0.006431 0.999326 10.480413
0.999383 0.001287 -0.035089 -0.262736 -0.001238 0.999998 0.001400 -0.222749 0.035091 -0.001356 0.999383 11.148202
0.999328 -0.001172 -0.036628 -0.304110 0.001509 0.999957 0.009196 -0.231832 0.036616 -0.009245 0.999287 11.858366
0.999231 -0.002009 -0.039146 -0.302657 0.002461 0.999931 0.011505 -0.233009 0.039121 -0.011593 0.999167 12.509127
0.999158 -0.003156 -0.040899 -0.322342 0.003578 0.999941 0.010236 -0.235818 0.040864 -0.010373 0.999111 13.211792
0.998966 -0.006320 -0.045022 -0.218137 0.006656 0.999951 0.007315 -0.203094 0.044973 -0.007607 0.998959 13.718776
0.998698 -0.004094 -0.050844 -0.112201 0.004253 0.999986 0.003028 -0.184419 0.050831 -0.003241 0.998702 14.342782
0.998591 -0.005488 -0.052787 -0.059802 0.005409 0.999984 -0.001652 -0.217760 0.052795 0.001364 0.998604 15.009777
0.998375 -0.008850 -0.056300 0.004744 0.008425 0.999934 -0.007784 -0.212575 0.056365 0.007297 0.998384 15.695058
0.998917 -0.010329 -0.045368 -0.313266 0.009660 0.999842 -0.014936 -0.208303 0.045515 0.014482 0.998859 16.706105
0.998829 -0.002531 -0.048322 -0.299720 0.002109 0.999959 -0.008787 -0.339278 0.048342 0.008675 0.998793 17.434136
0.998744 -0.006284 -0.049702 -0.351610 0.005807 0.999936 -0.009736 -0.322403 0.049760 0.009435 0.998717 18.269570
0.998662 -0.005406 -0.051431 -0.362140 0.004741 0.999904 -0.013039 -0.324447 0.051496 0.012778 0.998591 19.072660
0.998667 -0.002484 -0.051560 -0.423405 0.001729 0.999891 -0.014685 -0.351919 0.051591 0.014576 0.998562 19.923882
0.998447 -0.000120 -0.055702 -0.417351 -0.000858 0.999846 -0.017538 -0.349859 0.055695 0.017558 0.998293 20.697519
0.998266 0.000345 -0.058857 -0.424309 -0.001469 0.999817 -0.019052 -0.354720 0.058839 0.019105 0.998085 21.506782
0.998151 0.000910 -0.060774 -0.466063 -0.002102 0.999807 -0.019555 -0.380139 0.060745 0.019647 0.997960 22.366854
0.997831 0.001067 -0.065823 -0.445239 -0.002272 0.999831 -0.018231 -0.421043 0.065793 0.018341 0.997665 23.168682
0.997542 0.000998 -0.070062 -0.470330 -0.002264 0.999836 -0.017991 -0.439947 0.070032 0.018106 0.997380 24.040284
0.997302 0.001195 -0.073396 -0.498088 -0.002365 0.999871 -0.015863 -0.476312 0.073368 0.015994 0.997177 24.890463
0.997067 0.003079 -0.076478 -0.561766 -0.004291 0.999868 -0.015695 -0.483894 0.076419 0.015977 0.996948 25.696252
0.996786 0.002454 -0.080076 -0.599474 -0.003890 0.999834 -0.017788 -0.500237 0.080020 0.018043 0.996630 26.562108
0.996351 0.005406 -0.085184 -0.627016 -0.007111 0.999780 -0.019733 -0.511244 0.085058 0.020266 0.996170 27.438270
0.995966 0.004723 -0.089608 -0.673754 -0.006308 0.999829 -0.017408 -0.553236 0.089511 0.017903 0.995825 28.298657
0.995438 0.004998 -0.095282 -0.712836 -0.006552 0.999850 -0.016002 -0.568900 0.095187 0.016553 0.995322 29.130566
0.994787 0.007584 -0.101692 -0.769567 -0.009155 0.999846 -0.014991 -0.572267 0.101562 0.015844 0.994703 30.039001
0.993982 0.008918 -0.109176 -0.821060 -0.010507 0.999847 -0.013983 -0.590146 0.109034 0.015045 0.993924 30.920961
0.993548 0.012484 -0.112727 -0.918404 -0.014545 0.999741 -0.017483 -0.585143 0.112479 0.019009 0.993472 31.796485
0.993058 0.006561 -0.117444 -1.050780 -0.008630 0.999816 -0.017121 -0.616857 0.117310 0.018016 0.992932 32.730482
0.992491 0.009203 -0.121968 -1.180703 -0.011366 0.999790 -0.017052 -0.651010 0.121786 0.018310 0.992388 33.615863
0.991174 0.012197 -0.132004 -1.293644 -0.014475 0.999762 -0.016308 -0.677307 0.131774 0.018075 0.991115 34.533395
0.990469 0.015667 -0.136841 -1.458416 -0.017393 0.999783 -0.011432 -0.715004 0.136633 0.013703 0.990527 35.414779
0.991011 0.010554 -0.133362 -1.787872 -0.012821 0.999787 -0.016152 -0.650101 0.133163 0.017716 0.990936 36.385950
0.990365 0.019579 -0.137091 -2.035836 -0.021477 0.999693 -0.012376 -0.718659 0.136806 0.015201 0.990481 37.295961
0.989409 0.021191 -0.143601 -2.285376 -0.024112 0.999536 -0.018631 -0.716590 0.143140 0.021896 0.989460 38.186639
0.989552 -0.009383 -0.143870 -2.448050 0.006641 0.999787 -0.019531 -0.647245 0.144023 0.018371 0.989404 38.891764
0.989624 0.005794 -0.143564 -2.740478 -0.010140 0.999512 -0.029557 -0.643078 0.143323 0.030706 0.989200 39.679961
0.990056 0.013298 -0.140042 -3.044762 -0.018099 0.999290 -0.033058 -0.647313 0.139503 0.035264 0.989594 40.477968
0.991163 0.001968 -0.132636 -3.390199 -0.006096 0.999509 -0.030724 -0.617387 0.132510 0.031261 0.990689 41.238699
0.991246 -0.000914 -0.132028 -3.379219 -0.003316 0.999488 -0.031816 -0.624079 0.131989 0.031975 0.990735 41.521256
0.991366 0.004068 -0.131062 -3.559332 -0.009152 0.999228 -0.038214 -0.618959 0.130805 0.039084 0.990637 42.069292
0.991786 0.033618 -0.123412 -3.707240 -0.040518 0.997728 -0.053832 -0.652703 0.121322 0.058391 0.990894 42.482931
0.993093 0.011276 -0.116787 -3.859713 -0.016893 0.998742 -0.047221 -0.657355 0.116108 0.048868 0.992034 42.926154
0.993245 0.011948 -0.115420 -3.959240 -0.017559 0.998706 -0.047719 -0.681689 0.114701 0.049423 0.992170 43.300036
0.991762 -0.000230 -0.128092 -3.937477 -0.006371 0.998672 -0.051126 -0.680669 0.127933 0.051521 0.990444 43.600257
0.989319 0.036737 -0.141059 -3.873368 -0.041729 0.998597 -0.032593 -0.827819 0.139664 0.038131 0.989464 43.820928
0.987762 0.015982 -0.155150 -3.878536 -0.023339 0.998682 -0.045709 -0.782745 0.154215 0.048771 0.986833 44.153781
0.986179 0.005945 -0.165580 -3.940244 -0.013896 0.998803 -0.046902 -0.766827 0.165102 0.048555 0.985081 44.524631
0.984690 0.001679 -0.174307 -3.983275 -0.009244 0.999049 -0.042599 -0.776362 0.174070 0.043558 0.983769 44.842552
0.983062 -0.012282 -0.182861 -4.048258 0.004572 0.999085 -0.042526 -0.771495 0.183216 0.040970 0.982219 45.179319
0.981582 -0.015861 -0.190380 -4.131203 0.007867 0.999058 -0.042672 -0.786633 0.190877 0.040389 0.980783 45.511129
0.980201 -0.014833 -0.197451 -4.221111 0.004925 0.998708 -0.050577 -0.798335 0.197946 0.048603 0.979007 45.825448
0.976747 -0.025885 -0.212827 -4.260279 0.016925 0.998896 -0.043814 -0.820358 0.213726 0.039193 0.976107 46.092626
0.975628 -0.030367 -0.217319 -4.343225 0.019186 0.998390 -0.053377 -0.819443 0.218590 0.047907 0.974640 46.355208
0.976696 -0.014385 -0.214145 -4.369030 0.000696 0.997958 -0.063863 -0.824376 0.214627 0.062226 0.974712 46.487289
0.975666 -0.010446 -0.219014 -4.470183 -0.004150 0.997806 -0.066078 -0.827770 0.219224 0.065379 0.973482 46.759599
0.976204 -0.020735 -0.215862 -4.559238 0.004932 0.997284 -0.073489 -0.819191 0.216799 0.070675 0.973655 46.979892
0.975939 -0.023906 -0.216729 -4.629345 0.007705 0.997132 -0.075292 -0.827791 0.217907 0.071810 0.973324 47.175658
0.973174 -0.052435 -0.224016 -4.682034 0.037159 0.996721 -0.071876 -0.820277 0.227050 0.061623 0.971931 47.366832
0.977563 -0.026607 -0.208956 -4.770978 0.006815 0.995466 -0.094877 -0.820231 0.210533 0.091324 0.973312 47.528418
0.979119 -0.050775 -0.196845 -4.840356 0.035171 0.996014 -0.081974 -0.833650 0.200222 0.073339 0.977002 47.660654
0.977079 -0.036915 -0.209650 -4.823917 0.022794 0.997330 -0.069374 -0.876145 0.211651 0.063005 0.975312 47.786147
0.977447 -0.029994 -0.209039 -4.874791 0.017158 0.997869 -0.062949 -0.905626 0.210481 0.057943 0.975879 47.935867
0.973281 -0.028271 -0.227869 -4.847982 0.014645 0.998014 -0.061267 -0.922019 0.229149 0.056293 0.971762 48.053925
0.966135 -0.013854 -0.257666 -4.788552 0.000938 0.998739 -0.050186 -0.960700 0.258037 0.048244 0.964930 48.162359
0.963307 -0.021213 -0.267561 -4.838376 0.005777 0.998280 -0.058348 -0.955519 0.268339 0.054662 0.961773 48.331124
0.961949 -0.036295 -0.270808 -4.843308 0.023725 0.998490 -0.049547 -0.954253 0.272197 0.041237 0.961358 48.388223
0.964784 -0.017957 -0.262430 -4.868445 0.004555 0.998658 -0.051588 -0.959522 0.263004 0.048576 0.963571 48.422404
0.967623 -0.005808 -0.252333 -4.915188 -0.007184 0.998696 -0.050537 -0.971780 0.252297 0.050713 0.966320 48.466584
0.968972 -0.012580 -0.246848 -4.945324 -0.000413 0.998620 -0.052514 -0.971019 0.247168 0.050986 0.967630 48.517893
0.968222 -0.020883 -0.249218 -4.968226 0.010325 0.998996 -0.043598 -0.985452 0.249878 0.039639 0.967466 48.585846
0.966829 -0.023075 -0.254379 -4.991895 0.011917 0.998902 -0.045318 -0.985682 0.255145 0.040783 0.966042 48.654208
0.969797 -0.023063 -0.242821 -5.034353 0.011021 0.998646 -0.050833 -0.983384 0.243665 0.046622 0.968738 48.711283
0.970864 -0.028557 -0.237922 -5.061452 0.017364 0.998647 -0.049010 -0.986583 0.239000 0.043451 0.970047 48.760605
0.971943 -0.032534 -0.232957 -5.099832 0.022962 0.998782 -0.043682 -0.992769 0.234094 0.037107 0.971506 48.816554
0.974665 -0.034623 -0.220975 -5.142819 0.025972 0.998783 -0.041936 -0.998100 0.222158 0.035134 0.974377 48.871775
0.975077 -0.037234 -0.218719 -5.176143 0.028753 0.998711 -0.041829 -1.001547 0.219994 0.034498 0.974891 48.925820
0.974838 -0.040838 -0.219141 -5.206634 0.032005 0.998532 -0.043705 -1.003572 0.220604 0.035592 0.974714 48.999083
0.976252 -0.043010 -0.212325 -5.249223 0.034243 0.998409 -0.044799 -1.009358 0.213914 0.036465 0.976172 49.054648
0.978237 -0.050941 -0.201142 -5.297631 0.042652 0.998061 -0.045334 -1.014190 0.203062 0.035769 0.978512 49.111765
0.979675 -0.057113 -0.192286 -5.346705 0.049084 0.997722 -0.046267 -1.016810 0.194491 0.035889 0.980248 49.170635
0.976994 -0.089485 -0.193584 -5.374505 0.080970 0.995386 -0.051474 -1.034930 0.197297 0.034616 0.979732 49.264268
0.975953 -0.089399 -0.198804 -5.383309 0.080187 0.995320 -0.053934 -1.025736 0.202695 0.036695 0.978554 49.296036
0.973800 -0.099991 -0.204246 -5.394471 0.092096 0.994601 -0.047822 -1.056250 0.207925 0.027758 0.977751 49.394109
0.976003 -0.075319 -0.204315 -5.408432 0.066871 0.996609 -0.047951 -1.041281 0.207234 0.033137 0.977730 49.421454
0.977124 -0.082692 -0.195935 -5.445377 0.073623 0.995869 -0.053141 -1.044557 0.199520 0.037500 0.979176 49.482063
0.978429 -0.080022 -0.190456 -5.473985 0.067902 0.995279 -0.069341 -1.019735 0.195105 0.054913 0.979244 49.523929
0.979963 -0.068070 -0.187185 -5.498412 0.055867 0.996001 -0.069718 -1.023692 0.191182 0.057864 0.979847 49.559879
0.980538 -0.060921 -0.186639 -5.515721 0.049115 0.996527 -0.067245 -1.034287 0.190087 0.056770 0.980125 49.599083
0.980359 -0.058118 -0.188461 -5.523953 0.046385 0.996735 -0.066087 -1.042093 0.191687 0.056047 0.979855 49.639840
0.981803 -0.052862 -0.182395 -5.546569 0.042176 0.997186 -0.061982 -1.049805 0.185159 0.053162 0.981270 49.678813
0.983447 -0.047412 -0.174883 -5.564922 0.038619 0.997829 -0.053345 -1.061915 0.177033 0.045708 0.983143 49.713887
0.985282 -0.045610 -0.164739 -5.583361 0.037371 0.997907 -0.052776 -1.063342 0.166801 0.045843 0.984924 49.751880
0.986835 -0.046571 -0.154878 -5.597268 0.039096 0.997935 -0.050963 -1.065513 0.156932 0.044237 0.986618 49.787286
0.988019 -0.046414 -0.147186 -5.603657 0.039535 0.998000 -0.049323 -1.066310 0.149180 0.042913 0.987878 49.821646
0.990822 -0.043589 -0.127950 -5.622799 0.038566 0.998395 -0.041474 -1.075388 0.129553 0.036159 0.990913 49.851459
0.993221 -0.041993 -0.108394 -5.638730 0.038184 0.998586 -0.036982 -1.081072 0.109794 0.032592 0.993420 49.884163
0.995079 -0.042218 -0.089642 -5.649957 0.039110 0.998581 -0.036148 -1.084261 0.091041 0.032465 0.995318 49.914186
0.996477 -0.043659 -0.071612 -5.653907 0.041346 0.998584 -0.033467 -1.091358 0.072972 0.030388 0.996871 49.945202
0.997782 -0.040426 -0.052876 -5.649859 0.038357 0.998481 -0.039561 -1.087269 0.054395 0.037445 0.997817 49.982495
0.998824 -0.040091 -0.027280 -5.649113 0.038880 0.998294 -0.043554 -1.086566 0.028979 0.042442 0.998679 50.019910
0.999286 -0.037183 0.006753 -5.658650 0.037454 0.998249 -0.045780 -1.084273 -0.005039 0.046000 0.998929 50.050066
0.998516 -0.041093 0.035740 -5.656235 0.042707 0.998045 -0.045635 -1.086292 -0.033795 0.047094 0.998319 50.079351
0.996123 -0.042882 0.076811 -5.667107 0.046128 0.998094 -0.040999 -1.092457 -0.074907 0.044383 0.996202 50.105640
0.993763 -0.041492 0.103510 -5.646988 0.046586 0.997794 -0.047291 -1.085128 -0.101320 0.051818 0.993503 50.141121
0.988883 -0.045798 0.141468 -5.640863 0.052642 0.997598 -0.045023 -1.087486 -0.139067 0.051970 0.988918 50.169050
0.982275 -0.047168 0.181416 -5.633130 0.055885 0.997501 -0.043236 -1.088750 -0.178923 0.052608 0.982456 50.197688
0.973747 -0.059185 0.219806 -5.621037 0.068467 0.997045 -0.034846 -1.100773 -0.217094 0.048981 0.974921 50.223853
0.963563 -0.048538 0.263041 -5.612071 0.060610 0.997439 -0.037972 -1.093870 -0.260524 0.052531 0.964037 50.248364
0.950702 -0.051737 0.305760 -5.597973 0.064958 0.997335 -0.033216 -1.095648 -0.303226 0.051440 0.951529 50.275835
0.926445 -0.041087 0.374182 -5.608479 0.057374 0.997824 -0.032487 -1.091407 -0.372033 0.051566 0.926786 50.309399
0.906950 -0.041957 0.419143 -5.593874 0.059925 0.997758 -0.029790 -1.092071 -0.416954 0.052135 0.907431 50.333412
0.886959 -0.040534 0.460067 -5.577441 0.062667 0.997491 -0.032933 -1.089561 -0.457577 0.058041 0.887273 50.353072
0.862916 -0.036630 0.504019 -5.562390 0.062178 0.997487 -0.033959 -1.089434 -0.501508 0.060643 0.863025 50.375184
0.834226 -0.028143 0.550703 -5.543584 0.060394 0.997352 -0.040518 -1.085383 -0.548105 0.067060 0.833717 50.404632
0.800590 -0.022626 0.598785 -5.526963 0.060017 0.997290 -0.042560 -1.084978 -0.596199 0.070010 0.799778 50.430930
0.766263 -0.022800 0.642123 -5.503698 0.066994 0.996758 -0.044554 -1.083064 -0.639025 0.077159 0.765306 50.455251
0.729890 -0.020002 0.683271 -5.480218 0.070263 0.996473 -0.045886 -1.080266 -0.679943 0.081500 0.728721 50.476739
0.691012 -0.022000 0.722508 -5.452946 0.078933 0.995856 -0.045169 -1.077325 -0.718520 0.088242 0.689885 50.499428
0.650249 -0.025330 0.759299 -5.423404 0.088738 0.995135 -0.042795 -1.074104 -0.754521 0.095206 0.649333 50.520532
0.605838 -0.024803 0.795201 -5.393730 0.085142 0.995795 -0.033807 -1.077308 -0.791019 0.088187 0.605402 50.541031
0.561360 -0.026881 0.827135 -5.362171 0.083268 0.996235 -0.024136 -1.080910 -0.823372 0.082423 0.561484 50.557846
0.514502 -0.037719 0.856659 -5.363142 0.070938 0.997480 0.001315 -1.097995 -0.854550 0.060093 0.515881 50.547738
0.468030 -0.037594 0.882913 -5.332711 0.069652 0.997556 0.005553 -1.096096 -0.880963 0.058897 0.469505 50.558162
0.422234 -0.033700 0.905860 -5.307745 0.063686 0.997942 0.007441 -1.098125 -0.904247 0.054549 0.423512 50.563602
0.381070 -0.025845 0.924185 -5.263156 0.070489 0.997512 -0.001169 -1.089431 -0.921855 0.065591 0.381944 50.576936
0.341221 -0.028340 0.939556 -5.245141 0.075386 0.997151 0.002699 -1.090412 -0.936955 0.069908 0.342385 50.570928
0.312928 -0.031488 0.949255 -5.220062 0.088181 0.996097 0.003973 -1.087780 -0.945675 0.082463 0.314483 50.559950
0.275926 -0.029378 0.960730 -5.178191 0.098749 0.995110 0.002068 -1.083332 -0.956093 0.094301 0.277478 50.578281
0.244825 -0.033387 0.968992 -5.156319 0.094635 0.995458 0.010389 -1.091465 -0.964938 0.089157 0.246873 50.575193
0.215993 -0.014382 0.976289 -5.121503 0.071749 0.997422 -0.001180 -1.088185 -0.973755 0.070303 0.216468 50.581831
0.192410 -0.004609 0.981304 -5.083280 0.041519 0.999132 -0.003449 -1.091016 -0.980436 0.041406 0.192434 50.588116
0.173455 -0.000355 0.984842 -5.051003 0.020080 0.999793 -0.003176 -1.094527 -0.984637 0.020326 0.173427 50.581950
0.163806 0.004044 0.986484 -4.992183 0.013403 0.999890 -0.006325 -1.096866 -0.986402 0.014258 0.163734 50.587686
0.115020 0.004947 0.993351 -4.952183 0.040036 0.999152 -0.009612 -1.086629 -0.992556 0.040875 0.114725 50.630318
0.064308 -0.006643 0.997908 -4.944036 0.067399 0.997723 0.002299 -1.083632 -0.995651 0.067110 0.064609 50.646062
0.006187 -0.009061 0.999940 -4.918599 0.064013 0.997912 0.008646 -1.093733 -0.997930 0.063956 0.006754 50.687440
-0.009394 -0.064594 0.997867 -4.914460 0.040523 0.997067 0.064923 -1.153789 -0.999134 0.041046 -0.006749 50.686403
-0.020819 -0.062275 0.997842 -4.888114 0.039794 0.997216 0.063067 -1.151889 -0.998991 0.041021 -0.018283 50.689984
-0.030938 -0.060898 0.997664 -4.858818 0.044322 0.997077 0.062237 -1.147934 -0.998538 0.046144 -0.028148 50.696140
-0.030077 -0.059831 0.997755 -4.844782 0.047769 0.996980 0.061225 -1.144722 -0.998405 0.049503 -0.027128 50.696139
-0.022661 -0.062886 0.997763 -4.852094 0.045749 0.996909 0.063871 -1.145930 -0.998696 0.047094 -0.019714 50.691385
-0.025304 -0.063110 0.997686 -4.818912 0.026908 0.997601 0.063787 -1.146180 -0.999318 0.028460 -0.023545 50.694217
-0.019848 -0.063958 0.997755 -4.811647 0.029583 0.997477 0.064529 -1.147509 -0.999365 0.030797 -0.017906 50.690694
-0.019115 -0.059384 0.998052 -4.801259 0.029767 0.997758 0.059936 -1.143445 -0.999374 0.030855 -0.017305 50.690318
-0.017470 -0.059010 0.998105 -4.790248 0.029321 0.997797 0.059505 -1.141989 -0.999417 0.030305 -0.015701 50.689699
-0.015877 -0.062331 0.997929 -4.778790 0.021348 0.997806 0.062663 -1.143493 -0.999646 0.022299 -0.014512 50.688281
-0.012085 -0.064457 0.997847 -4.767707 0.037801 0.997177 0.064872 -1.143211 -0.999212 0.038504 -0.009614 50.686447
-0.014978 -0.067193 0.997628 -4.754071 0.027881 0.997323 0.067591 -1.143102 -0.999499 0.028827 -0.013064 50.688062
-0.017241 -0.068180 0.997524 -4.745160 0.026244 0.997298 0.068618 -1.141773 -0.999507 0.027362 -0.015406 50.688611
-0.017539 -0.068917 0.997468 -4.734625 0.027568 0.997209 0.069384 -1.140943 -0.999466 0.028715 -0.015590 50.687945
-0.017154 -0.073883 0.997119 -4.723129 0.030880 0.996751 0.074387 -1.140937 -0.999376 0.032067 -0.014816 50.687433
-0.016074 -0.075501 0.997016 -4.710541 0.032303 0.996585 0.075989 -1.140110 -0.999349 0.033428 -0.013581 50.686014
-0.019531 -0.076849 0.996851 -4.699872 0.028240 0.996601 0.077383 -1.139673 -0.999410 0.029663 -0.017294 50.686747
-0.021764 -0.071222 0.997223 -4.689294 0.025432 0.997097 0.071768 -1.139146 -0.999440 0.026923 -0.019889 50.686766
-0.020808 -0.067113 0.997528 -4.677699 0.027846 0.997318 0.067680 -1.138579 -0.999396 0.029185 -0.018883 50.686013
-0.021981 -0.066009 0.997577 -4.666255 0.027406 0.997403 0.066601 -1.138011 -0.999383 0.028803 -0.020115 50.685815
-0.023513 -0.067493 0.997443 -4.654671 0.021989 0.997442 0.068012 -1.137190 -0.999482 0.023532 -0.021969 50.685432
-0.024321 -0.071159 0.997168 -4.643352 0.019172 0.997247 0.071632 -1.136655 -0.999520 0.020860 -0.022889 50.685186
-0.025337 -0.077479 0.996672 -4.631502 0.019465 0.996765 0.077981 -1.136186 -0.999489 0.021376 -0.023747 50.684994
-0.022954 -0.084022 0.996199 -4.620023 0.017237 0.996281 0.084426 -1.135558 -0.999588 0.019109 -0.021420 50.683947
-0.021777 -0.085551 0.996096 -4.608512 0.013079 0.996222 0.085848 -1.134974 -0.999677 0.014898 -0.020576 50.683225
-0.021568 -0.078694 0.996665 -4.595063 0.016792 0.996728 0.079062 -1.134197 -0.999626 0.018442 -0.020176 50.683376
-0.020269 -0.068205 0.997465 -4.583226 0.017391 0.997495 0.068561 -1.133725 -0.999643 0.018736 -0.019032 50.682715
-0.018591 -0.063189 0.997828 -4.571039 0.017864 0.997821 0.063522 -1.133151 -0.999668 0.019006 -0.017422 50.682074
-0.018391 -0.068769 0.997463 -4.559072 0.021063 0.997384 0.069152 -1.132496 -0.999609 0.022282 -0.016894 50.681718
-0.019324 -0.078295 0.996743 -4.546397 0.021661 0.996662 0.078709 -1.132307 -0.999579 0.023112 -0.017564 50.681484
-0.017962 -0.080262 0.996612 -4.534072 0.022393 0.996490 0.080655 -1.131448 -0.999588 0.023766 -0.016102 50.680747
-0.019053 -0.079273 0.996671 -4.520629 0.007741 0.996810 0.079432 -1.131397 -0.999789 0.009228 -0.018378 50.680875
-0.020694 -0.077508 0.996777 -4.507150 0.002573 0.996983 0.077577 -1.130599 -0.999783 0.004170 -0.020432 50.680770
-0.024068 -0.076565 0.996774 -4.493044 -0.002196 0.997065 0.076534 -1.129852 -0.999708 -0.000347 -0.024166 50.681219
-0.026942 -0.076652 0.996694 -4.479519 -0.007940 0.997041 0.076464 -1.129314 -0.999605 -0.005853 -0.027471 50.681068
-0.030560 -0.077382 0.996533 -4.465552 -0.014160 0.996932 0.076979 -1.129083 -0.999433 -0.011759 -0.031562 50.681243
-0.030959 -0.080855 0.996245 -4.453771 -0.034286 0.996222 0.079788 -1.130254 -0.998932 -0.031687 -0.033614 50.680632
-0.030637 -0.076387 0.996607 -4.438195 -0.017101 0.996970 0.075889 -1.127591 -0.999384 -0.014718 -0.031850 50.680156
-0.033151 -0.078690 0.996348 -4.422976 -0.023941 0.996672 0.077919 -1.127424 -0.999164 -0.021271 -0.034924 50.680504
-0.033535 -0.077681 0.996414 -4.410355 -0.021895 0.996793 0.076974 -1.126470 -0.999198 -0.019235 -0.035128 50.679318
-0.034182 -0.077380 0.996416 -4.395160 -0.032728 0.996550 0.076268 -1.126207 -0.998880 -0.030003 -0.036597 50.679477
-0.035849 -0.077185 0.996372 -4.380689 -0.021552 0.996841 0.076446 -1.124929 -0.999125 -0.018733 -0.037399 50.679430
-0.037626 -0.078912 0.996171 -4.367160 -0.024263 0.996655 0.078034 -1.124529 -0.998997 -0.021234 -0.039415 50.678911
-0.038215 -0.080054 0.996058 -4.354713 -0.026769 0.996510 0.079064 -1.123908 -0.998911 -0.023642 -0.040225 50.677985
-0.042419 -0.077937 0.996055 -4.340722 -0.031580 0.996559 0.076631 -1.122778 -0.998601 -0.028205 -0.044735 50.678219
-0.044761 -0.077433 0.995992 -4.328177 -0.031769 0.996598 0.076052 -1.121698 -0.998492 -0.028238 -0.047068 50.678215
-0.045250 -0.082149 0.995592 -4.316394 -0.035964 0.996101 0.080557 -1.121941 -0.998328 -0.032161 -0.048028 50.677362
-0.046369 -0.081574 0.995588 -4.305004 -0.034559 0.996194 0.080014 -1.121122 -0.998326 -0.030696 -0.049011 50.676892
-0.049059 -0.080844 0.995519 -4.292719 -0.037185 0.996176 0.079065 -1.120598 -0.998103 -0.033140 -0.051877 50.676781
-0.049195 -0.077859 0.995750 -4.281775 -0.033660 0.996520 0.076256 -1.119874 -0.998222 -0.029765 -0.051645 50.675909
-0.050802 -0.077227 0.995718 -4.269650 -0.037090 0.996464 0.075392 -1.119356 -0.998020 -0.033101 -0.053487 50.675580
-0.056471 -0.074848 0.995595 -4.257135 -0.033752 0.996759 0.073021 -1.118404 -0.997834 -0.029480 -0.058814 50.675997
-0.058487 -0.066893 0.996044 -4.243493 -0.022349 0.997590 0.065684 -1.116310 -0.998038 -0.018419 -0.059842 50.675827
-0.057578 -0.063015 0.996350 -4.232058 -0.013441 0.997964 0.062341 -1.114957 -0.998251 -0.009802 -0.058308 50.674727
-0.057483 -0.065187 0.996216 -4.219469 -0.021691 0.997712 0.064033 -1.114800 -0.998111 -0.017928 -0.058765 50.674362
-0.056291 -0.063720 0.996379 -4.207946 -0.025590 0.997726 0.062360 -1.114224 -0.998086 -0.021987 -0.057794 50.673442
-0.057693 -0.067312 0.996063 -4.195688 -0.027583 0.997451 0.065809 -1.114223 -0.997953 -0.023678 -0.059403 50.673018
-0.056398 -0.063516 0.996386 -4.183520 -0.019715 0.997851 0.062494 -1.112969 -0.998214 -0.016119 -0.057529 50.671891
-0.063048 -0.067612 0.995718 -4.171976 -0.033057 0.997297 0.065626 -1.113167 -0.997463 -0.028778 -0.065112 50.671472
-0.063685 -0.056522 0.996368 -4.161638 -0.012320 0.998363 0.055848 -1.110951 -0.997894 -0.008718 -0.064277 50.669260
-0.064508 -0.060763 0.996066 -4.148131 -0.068238 0.996077 0.056344 -1.113434 -0.995581 -0.064334 -0.068401 50.668469
-0.042847 -0.070778 0.996571 -4.143322 -0.061958 0.995756 0.068056 -1.115252 -0.997159 -0.058830 -0.047050 50.660215
-0.057045 -0.083330 0.994888 -4.132531 -0.071507 0.994292 0.079180 -1.117589 -0.995807 -0.066625 -0.062679 50.661423
-0.067294 -0.086287 0.993995 -4.119768 -0.076829 0.993743 0.081064 -1.117316 -0.994771 -0.070913 -0.073502 50.662192
-0.073326 -0.089057 0.993324 -4.108121 -0.078717 0.993414 0.083254 -1.116908 -0.994197 -0.072087 -0.079854 50.661450
-0.076068 -0.087251 0.993278 -4.096519 -0.079448 0.993527 0.081188 -1.115753 -0.993932 -0.072738 -0.082507 50.659930
-0.078100 -0.087605 0.993089 -4.084445 -0.078381 0.993588 0.081485 -1.114713 -0.993860 -0.071475 -0.084465 50.658687
-0.085233 -0.100203 0.991310 -4.071550 -0.084820 0.992048 0.092985 -1.115315 -0.992744 -0.076158 -0.093054 50.659238
-0.089116 -0.107799 0.990171 -4.059854 -0.086279 0.991225 0.100148 -1.114914 -0.992277 -0.076506 -0.097635 50.658263
-0.094511 -0.112498 0.989147 -4.046951 -0.087707 0.990672 0.104292 -1.113991 -0.991653 -0.076899 -0.103496 50.657955
-0.096512 -0.112028 0.989007 -4.035371 -0.084282 0.990997 0.104029 -1.112749 -0.991757 -0.073315 -0.105085 50.656517
-0.095642 -0.102847 0.990088 -4.023609 -0.079542 0.992257 0.095388 -1.111050 -0.992233 -0.069630 -0.103082 50.654647
-0.096083 -0.100797 0.990257 -4.010354 -0.075997 0.992698 0.093672 -1.110359 -0.992468 -0.066257 -0.103042 50.653173
-0.099655 -0.087464 0.991170 -3.997955 -0.066879 0.994465 0.081031 -1.108390 -0.992772 -0.058213 -0.104953 50.651654
-0.100629 -0.089254 0.990913 -3.984719 -0.068941 0.994200 0.082549 -1.107588 -0.992533 -0.060007 -0.106198 50.650091
-0.100517 -0.085232 0.991278 -3.972600 -0.069125 0.994515 0.078501 -1.106001 -0.992531 -0.060631 -0.105857 50.648067
-0.101839 -0.086005 0.991076 -3.959770 -0.068557 0.994494 0.079257 -1.104542 -0.992436 -0.059874 -0.107175 50.646445
-0.099065 -0.089754 0.991025 -3.947024 -0.065649 0.994344 0.083492 -1.103973 -0.992913 -0.056789 -0.104397 50.644008
-0.096277 -0.091396 0.991150 -3.934439 -0.064221 0.994271 0.085445 -1.103181 -0.993281 -0.055426 -0.101595 50.641263
-0.107719 -0.095172 0.989615 -3.915714 -0.086833 0.992504 0.085998 -1.103158 -0.990382 -0.076668 -0.115176 50.642508
-0.111715 -0.092936 0.989385 -3.901219 -0.079912 0.993233 0.084274 -1.101738 -0.990522 -0.069649 -0.118386 50.641025
-0.114917 -0.096872 0.988640 -3.885658 -0.076461 0.993144 0.088426 -1.101088 -0.990428 -0.065430 -0.121536 50.639494
-0.119682 -0.096111 0.988149 -3.870621 -0.076949 0.993207 0.087283 -1.099936 -0.989826 -0.065591 -0.126265 50.637992
-0.091421 -0.105555 0.990202 -3.854409 -0.050917 0.993561 0.101212 -1.098897 -0.994510 -0.041165 -0.096207 50.633197
-0.086099 -0.101039 0.991150 -3.838182 -0.039013 0.994423 0.097984 -1.096768 -0.995522 -0.030231 -0.089560 50.631403
-0.074323 -0.096634 0.992541 -3.825467 -0.024563 0.995169 0.095051 -1.094781 -0.996932 -0.017315 -0.076337 50.627767
-0.066735 -0.090997 0.993613 -3.811771 -0.033770 0.995468 0.088898 -1.093340 -0.997199 -0.027622 -0.069505 50.625218
-0.073736 -0.103316 0.991912 -3.816738 -0.033476 0.994315 0.101078 -1.096949 -0.996716 -0.025752 -0.076775 50.623773
-0.080591 -0.095809 0.992132 -3.810893 -0.034781 0.995034 0.093264 -1.093888 -0.996140 -0.026991 -0.083523 50.624055
-0.089966 -0.096781 0.991231 -3.801803 -0.016457 0.995276 0.095682 -1.091683 -0.995809 -0.007705 -0.091133 50.625778
-0.095487 -0.096213 0.990770 -3.792251 -0.054726 0.994320 0.091283 -1.091847 -0.993925 -0.045505 -0.100210 50.626322
-0.109935 -0.097456 0.989149 -3.781293 -0.050053 0.994462 0.092416 -1.091058 -0.992678 -0.039350 -0.114204 50.628892
-0.121011 -0.087857 0.988756 -3.778692 -0.017542 0.996109 0.086363 -1.086757 -0.992496 -0.006894 -0.122081 50.628093
-0.133379 -0.091066 0.986872 -3.769598 -0.039777 0.995459 0.086482 -1.087865 -0.990266 -0.027720 -0.136396 50.629387
-0.140277 -0.087561 0.986233 -3.762734 -0.046036 0.995581 0.081843 -1.087379 -0.989041 -0.033922 -0.143688 50.629023
-0.134805 -0.082464 0.987435 -3.753844 -0.055339 0.995602 0.075591 -1.087263 -0.989326 -0.044454 -0.138775 50.625798
-0.139148 -0.080260 0.987014 -3.744414 -0.057806 0.995669 0.072814 -1.087358 -0.988583 -0.046923 -0.143185 50.625547
-0.140308 -0.085623 0.986399 -3.734742 -0.067368 0.994771 0.076767 -1.088420 -0.987813 -0.055680 -0.145343 50.624821
-0.135028 -0.080905 0.987533 -3.725895 -0.058798 0.995559 0.073523 -1.087139 -0.989096 -0.048138 -0.139185 50.622346
-0.133026 -0.089045 0.987104 -3.717751 -0.070241 0.994299 0.080228 -1.087840 -0.988620 -0.058663 -0.138523 50.620471
-0.130712 -0.092178 0.987126 -3.708396 -0.071993 0.993922 0.083279 -1.087340 -0.988803 -0.060180 -0.136553 50.618679
-0.129193 -0.095669 0.986994 -3.697799 -0.071501 0.993643 0.086954 -1.086723 -0.989038 -0.059337 -0.135212 50.617350
-0.128015 -0.103649 0.986341 -3.688653 -0.081183 0.992282 0.093737 -1.087209 -0.988444 -0.068075 -0.135442 50.615478
-0.123854 -0.103043 0.986936 -3.676580 -0.079684 0.992415 0.093615 -1.085850 -0.989096 -0.067049 -0.131126 50.614058
-0.121070 -0.099076 0.987687 -3.664073 -0.075594 0.993037 0.090346 -1.084183 -0.989761 -0.063725 -0.127716 50.613125
-0.119170 -0.096168 0.988206 -3.652710 -0.075253 0.993310 0.087590 -1.083596 -0.990018 -0.063927 -0.125610 50.611885
-0.114857 -0.091431 0.989165 -3.643056 -0.077482 0.993546 0.082839 -1.083264 -0.990356 -0.067128 -0.121200 50.610012
-0.111236 -0.091821 0.989543 -3.632829 -0.084074 0.993022 0.082693 -1.083191 -0.990231 -0.073997 -0.118180 50.608568
-0.111143 -0.093126 0.989432 -3.621551 -0.084006 0.992917 0.084018 -1.082113 -0.990248 -0.073780 -0.118179 50.607661
-0.110632 -0.095855 0.989228 -3.610457 -0.085588 0.992559 0.086606 -1.081487 -0.990169 -0.075084 -0.118013 50.606423
-0.154606 -0.087134 0.984126 -3.601816 -0.091700 0.993069 0.073519 -1.079819 -0.983711 -0.078878 -0.161525 50.609185
-0.147323 -0.073951 0.986320 -3.592022 -0.083167 0.994596 0.062149 -1.077637 -0.985586 -0.072873 -0.152677 50.605921
-0.142731 -0.070648 0.987237 -3.582433 -0.081385 0.994909 0.059430 -1.076655 -0.986410 -0.071864 -0.147755 50.602988
-0.140932 -0.072078 0.987392 -3.572170 -0.078189 0.995041 0.061477 -1.075951 -0.986927 -0.068539 -0.145869 50.599802
-0.133053 -0.064597 0.989002 -3.562387 -0.060471 0.996544 0.056954 -1.075471 -0.989262 -0.052228 -0.136500 50.595715
-0.133498 -0.072379 0.988403 -3.560109 -0.085817 0.994428 0.061230 -1.074799 -0.987327 -0.076648 -0.138965 50.597200
-0.136817 -0.072409 0.987946 -3.553473 -0.077721 0.995035 0.062165 -1.075021 -0.987543 -0.068279 -0.141766 50.596154
-0.129351 -0.068528 0.989228 -3.547339 -0.073004 0.995560 0.059420 -1.074920 -0.988908 -0.064532 -0.133779 50.594292
-0.128896 -0.074448 0.988860 -3.542115 -0.073887 0.995127 0.065288 -1.074970 -0.988902 -0.064649 -0.133769 50.594090
-0.132745 -0.081543 0.987790 -3.536484 -0.094837 0.993082 0.069235 -1.074894 -0.986603 -0.084488 -0.139560 50.593558
-0.132674 -0.092314 0.986851 -3.535108 -0.122563 0.989540 0.076088 -1.074873 -0.983553 -0.110857 -0.142601 50.595097
-0.139687 -0.087191 0.986349 -3.531727 -0.126729 0.989498 0.069522 -1.074602 -0.982053 -0.115287 -0.149269 50.595725
-0.132425 -0.076707 0.988220 -3.525583 -0.096515 0.993261 0.064165 -1.074628 -0.986483 -0.086881 -0.138936 50.593781
-0.134819 -0.075757 0.987970 -3.520339 -0.097765 0.993225 0.062818 -1.074377 -0.986035 -0.088120 -0.141312 50.593173
-0.138188 -0.074489 0.987601 -3.515669 -0.093501 0.993695 0.061866 -1.074235 -0.985983 -0.083793 -0.144282 50.593042
-0.142511 -0.078141 0.986704 -3.511172 -0.096139 0.993258 0.064774 -1.074262 -0.985113 -0.085629 -0.149062 50.593082
-0.154244 -0.074035 0.985255 -3.506518 -0.099697 0.993265 0.059030 -1.074069 -0.982990 -0.089122 -0.160586 50.593620
-0.162080 -0.077307 0.983745 -3.501864 -0.104773 0.992639 0.060743 -1.074040 -0.981200 -0.093225 -0.168986 50.594048
-0.170655 -0.076724 0.982339 -3.497026 -0.106921 0.992519 0.058944 -1.073829 -0.979513 -0.094973 -0.177581 50.594516
-0.179029 -0.080173 0.980572 -3.491905 -0.114276 0.991623 0.060213 -1.073525 -0.977184 -0.101276 -0.186691 50.594936
-0.190737 -0.082662 0.978155 -3.486479 -0.123882 0.990508 0.059549 -1.073757 -0.973793 -0.109818 -0.199167 50.595664
-0.184603 -0.066707 0.980547 -3.484014 -0.100024 0.993789 0.048776 -1.072729 -0.977710 -0.089074 -0.190128 50.594348
-0.185023 -0.056251 0.981123 -3.481321 -0.084628 0.995564 0.041119 -1.072126 -0.979084 -0.075422 -0.188962 50.593669
-0.184606 -0.055146 0.981264 -3.478468 -0.072430 0.996473 0.042374 -1.071843 -0.980140 -0.063251 -0.187950 50.593167
-0.186865 -0.052297 0.980993 -3.475141 -0.061910 0.997224 0.041369 -1.071534 -0.980433 -0.053003 -0.189584 50.592869
-0.186795 -0.047098 0.981269 -3.472005 -0.045040 0.998210 0.039337 -1.071177 -0.981366 -0.036848 -0.188582 50.592554
-0.184256 -0.030789 0.982396 -3.468922 -0.010492 0.999514 0.029357 -1.070484 -0.982822 -0.004898 -0.184489 50.592255
-0.183944 -0.015037 0.982822 -3.465896 0.010591 0.999795 0.017279 -1.069967 -0.982880 0.013587 -0.183747 50.592124
-0.191513 -0.010837 0.981430 -3.463271 0.015102 0.999788 0.013986 -1.069920 -0.981374 0.017500 -0.191309 50.592079
-0.189896 -0.003089 0.981799 -3.460091 0.049208 0.998708 0.012660 -1.069456 -0.980570 0.050717 -0.189499 50.592088
-0.193371 -0.007227 0.981099 -3.458123 0.058972 0.998079 0.018975 -1.069267 -0.979352 0.061527 -0.192574 50.591836
-0.191085 -0.005576 0.981558 -3.455614 0.074718 0.997000 0.020209 -1.069100 -0.978726 0.077201 -0.190095 50.591580
-0.194829 -0.006533 0.980815 -3.453864 0.061646 0.997919 0.018892 -1.069301 -0.978898 0.064144 -0.194021 50.591281
-0.198491 -0.001838 0.980101 -3.450860 0.070755 0.997362 0.016199 -1.069379 -0.977545 0.072562 -0.197837 50.591340
-0.195519 -0.000067 0.980700 -3.450247 0.078583 0.996783 0.015735 -1.069238 -0.977546 0.080143 -0.194885 50.590718
-0.196778 0.005406 0.980433 -3.448603 0.091703 0.995703 0.012915 -1.069131 -0.976150 0.092450 -0.196428 50.590396
-0.198759 0.010470 0.979992 -3.446985 0.098327 0.995111 0.009311 -1.069036 -0.975103 0.098211 -0.198817 50.590111
-0.206763 0.005982 0.978373 -3.445485 0.085121 0.996300 0.011897 -1.069395 -0.974681 0.085740 -0.206507 50.589906
-0.204200 0.000627 0.978929 -3.445088 0.093165 0.995473 0.018796 -1.069348 -0.974486 0.095040 -0.203334 50.589290
-0.209229 -0.008982 0.977825 -3.443656 0.087394 0.995785 0.027847 -1.069599 -0.973953 0.091283 -0.207562 50.589001
-0.220981 -0.014632 0.975168 -3.442489 0.076115 0.996579 0.032201 -1.069809 -0.972303 0.081341 -0.219112 50.588777
-0.226490 -0.016125 0.973880 -3.441196 0.073836 0.996702 0.033675 -1.069779 -0.971211 0.079534 -0.224552 50.588352
-0.233344 -0.012984 0.972308 -3.439953 0.071579 0.996969 0.030492 -1.069726 -0.969756 0.076712 -0.231707 50.587937
-0.247625 -0.013260 0.968765 -3.438750 0.070447 0.997013 0.031653 -1.069713 -0.966291 0.076085 -0.245951 50.587650
-0.264576 -0.016037 0.964232 -3.437003 0.058941 0.997724 0.032766 -1.069907 -0.962562 0.065502 -0.263028 50.587459
-0.275489 -0.017660 0.961142 -3.435655 0.062327 0.997399 0.036191 -1.069914 -0.959282 0.069875 -0.273672 50.586957
-0.287799 -0.019010 0.957502 -3.434334 0.066635 0.996982 0.039823 -1.069883 -0.955370 0.075264 -0.285663 50.586495
-0.299763 -0.021700 0.953767 -3.432965 0.067860 0.996724 0.044006 -1.069877 -0.951597 0.077914 -0.297308 50.586007
-0.313066 -0.022507 0.949465 -3.431621 0.070975 0.996369 0.047021 -1.069840 -0.947076 0.082109 -0.310332 50.585633
-0.325538 -0.023614 0.945234 -3.430258 0.072689 0.996105 0.049919 -1.069833 -0.942731 0.084959 -0.322553 50.585200
-0.335803 -0.024892 0.941603 -3.428917 0.079083 0.995376 0.054517 -1.069874 -0.938607 0.092772 -0.332282 50.584686
-0.345904 -0.027523 0.937866 -3.427587 0.086961 0.994327 0.061253 -1.069969 -0.934231 0.102745 -0.341548 50.584214
-0.347909 -0.032159 0.936977 -3.426116 0.094874 0.993073 0.069312 -1.069957 -0.932716 0.113009 -0.342448 50.583456
-0.358935 -0.033028 0.932778 -3.424952 0.098121 0.992501 0.072900 -1.069847 -0.928191 0.117692 -0.353002 50.583084
-0.360125 -0.041193 0.931994 -3.423634 0.108875 0.990342 0.085841 -1.069912 -0.926529 0.132384 -0.352162 50.582382
-0.367758 -0.038216 0.929136 -3.422381 0.104810 0.991085 0.082249 -1.069742 -0.923996 0.127630 -0.360474 50.581902
-0.371353 -0.032030 0.927939 -3.421143 0.100992 0.992082 0.074660 -1.069605 -0.922983 0.121439 -0.365178 50.581284
-0.369710 -0.037984 0.928370 -3.419853 0.109482 0.990423 0.084122 -1.069709 -0.922675 0.132740 -0.362011 50.580514
-0.372531 -0.036103 0.927317 -3.418490 0.107408 0.990850 0.081725 -1.069477 -0.921783 0.130047 -0.365244 50.579811
-0.376879 -0.052601 0.924768 -3.417563 0.169203 0.977678 0.124567 -1.070028 -0.910677 0.203420 -0.359566 50.579343
-0.393948 -0.044483 0.918056 -3.416752 0.126521 0.986695 0.102100 -1.069580 -0.910383 0.156376 -0.383078 50.579291
-0.421776 -0.052893 0.905156 -3.416251 0.148210 0.980848 0.126377 -1.069859 -0.894505 0.187456 -0.405858 50.579621
-0.428859 -0.064495 0.901066 -3.415414 0.178204 0.971809 0.154373 -1.070148 -0.885620 0.226778 -0.405276 50.579196
-0.424365 -0.049133 0.904157 -3.414716 0.212260 0.965307 0.152080 -1.070153 -0.880261 0.256454 -0.399214 50.578813
-0.401818 -0.085793 0.911692 -3.414175 0.216731 0.958404 0.185711 -1.070283 -0.889702 0.272214 -0.366510 50.578405
-0.414910 -0.073374 0.906899 -3.413431 0.193069 0.966944 0.166562 -1.069973 -0.889142 0.244202 -0.387029 50.578404
-0.416618 -0.088232 0.904790 -3.412738 0.197157 0.962821 0.184673 -1.069978 -0.887445 0.255324 -0.383733 50.578183
-0.423719 -0.108262 0.899301 -3.412261 0.187693 0.960789 0.204099 -1.070071 -0.886134 0.255273 -0.386784 50.577970
-0.433249 -0.119656 0.893296 -3.411679 0.178935 0.959998 0.215375 -1.070083 -0.883333 0.253153 -0.394508 50.577835
-0.437169 -0.121345 0.891156 -3.411180 0.182447 0.958289 0.219988 -1.070019 -0.880679 0.258761 -0.396796 50.577625
-0.441370 -0.109676 0.890598 -3.410647 0.184993 0.960060 0.209910 -1.069846 -0.878049 0.257403 -0.403452 50.577435
-0.447845 -0.116002 0.886554 -3.410079 0.181489 0.959112 0.217175 -1.069789 -0.875498 0.258161 -0.408480 50.577237
-0.457385 -0.100111 0.883616 -3.409549 0.169969 0.965483 0.197367 -1.069588 -0.872874 0.240461 -0.424582 50.577086
-0.464751 -0.098089 0.879992 -3.409013 0.160954 0.967928 0.192895 -1.069485 -0.870690 0.231286 -0.434058 50.576876
-0.469260 -0.074583 0.879905 -3.408573 0.157441 0.973396 0.166472 -1.069192 -0.868911 0.216652 -0.445034 50.576723
-0.481970 -0.083921 0.872160 -3.408094 0.160018 0.970231 0.181786 -1.069251 -0.861452 0.227176 -0.454193 50.576600
-0.502968 -0.053853 0.862626 -3.407672 0.138856 0.980058 0.142147 -1.068908 -0.853078 0.191276 -0.485460 50.576783
-0.493334 -0.079434 0.866205 -3.407878 0.149794 0.973186 0.174557 -1.069217 -0.856845 0.215868 -0.468207 50.576972
