1.000000 0.000000 0.000000 0.000000 0.000000 1.000000 0.000000 0.000000 0.000000 0.000000 1.000000 0.000000
0.999997 0.002241 0.000399 0.448284 -0.002241 0.999997 0.000126 0.036116 -0.000399 -0.000127 1.000000 0.091341
0.999996 0.002992 0.000138 0.916463 -0.002992 0.999995 0.000644 0.028448 -0.000136 -0.000644 1.000000 0.183171
0.999995 0.002819 -0.001074 1.421446 -0.002818 0.999996 0.000905 0.015088 0.001077 -0.000902 0.999999 0.261988
0.999991 0.002139 -0.003599 1.945787 -0.002137 0.999998 0.000566 0.016210 0.003600 -0.000558 0.999993 0.211640
0.999978 0.003425 -0.005646 2.448329 -0.003414 0.999992 0.001932 -0.012895 0.005653 -0.001912 0.999982 0.227875
0.999968 0.003719 -0.007018 2.939222 -0.003703 0.999990 0.002358 -0.024685 0.007027 -0.002332 0.999973 0.268241
0.999945 0.004137 -0.009605 3.447075 -0.004104 0.999986 0.003385 -0.049809 0.009619 -0.003346 0.999948 0.291634
0.999935 0.004093 -0.010632 3.922600 -0.004049 0.999983 0.004145 -0.065293 0.010648 -0.004102 0.999935 0.348850
0.999914 0.004187 -0.012396 4.416408 -0.004135 0.999983 0.004199 -0.064171 0.012414 -0.004147 0.999914 0.387679
0.999883 0.005700 -0.014208 4.915426 -0.005624 0.999970 0.005373 -0.104162 0.014239 -0.005292 0.999885 0.408309
0.999884 0.005119 -0.014362 5.386509 -0.005051 0.999976 0.004763 -0.085908 0.014386 -0.004690 0.999886 0.433813
0.999873 0.005617 -0.014921 5.865878 -0.005539 0.999971 0.005293 -0.103476 0.014950 -0.005209 0.999875 0.452043
0.999797 0.005621 -0.019357 6.418102 -0.005520 0.999971 0.005264 -0.108127 0.019386 -0.005156 0.999799 0.498474
0.999773 0.006949 -0.020153 6.876089 -0.006845 0.999963 0.005195 -0.110786 0.020188 -0.005056 0.999783 0.561586
0.999731 0.007354 -0.021978 7.370590 -0.007234 0.999958 0.005539 -0.122360 0.022018 -0.005378 0.999743 0.591204
0.999698 0.007493 -0.023422 7.854511 -0.007350 0.999954 0.006211 -0.141192 0.023467 -0.006037 0.999706 0.623389
0.999728 0.005677 -0.022615 8.319736 -0.005561 0.999971 0.005160 -0.115869 0.022644 -0.005032 0.999731 0.616761
0.999717 0.005936 -0.023020 8.754031 -0.005809 0.999967 0.005592 -0.129526 0.023052 -0.005457 0.999719 0.627259
0.999689 0.000678 -0.024928 9.248700 -0.000557 0.999988 0.004843 -0.112837 0.024931 -0.004828 0.999678 0.468361
0.999772 0.002535 -0.021217 9.597215 -0.002463 0.999991 0.003426 -0.069436 0.021225 -0.003373 0.999769 0.557991
0.999765 0.002338 -0.021529 10.064948 -0.002251 0.999989 0.004087 -0.082811 0.021538 -0.004037 0.999760 0.558613
0.999643 0.001917 -0.026666 10.609349 -0.001796 0.999988 0.004582 -0.092205 0.026674 -0.004533 0.999634 0.536765
0.999674 0.002717 -0.025370 10.975058 -0.002627 0.999990 0.003589 -0.048949 0.025379 -0.003521 0.999672 0.638699
0.999641 0.003406 -0.026575 11.448904 -0.003284 0.999984 0.004626 -0.093808 0.026590 -0.004537 0.999636 0.642029
0.999606 0.002534 -0.027955 11.923980 -0.002466 0.999994 0.002472 -0.007973 0.027962 -0.002402 0.999606 0.922544
0.999582 0.002457 -0.028794 12.400501 -0.002380 0.999993 0.002714 -0.019865 0.028800 -0.002644 0.999582 0.903399
0.999609 0.001373 -0.027927 12.809093 -0.001351 0.999999 0.000809 0.045830 0.027928 -0.000770 0.999610 1.026209
0.999581 0.002676 -0.028830 13.294000 -0.002563 0.999989 0.003972 -0.070758 0.028840 -0.003896 0.999576 1.025382
0.999521 0.002895 -0.030810 13.783253 -0.002761 0.999986 0.004403 -0.089463 0.030822 -0.004316 0.999516 1.070612
0.999489 0.003406 -0.031789 14.245654 -0.003248 0.999982 0.005022 -0.115117 0.031806 -0.004916 0.999482 1.131328
0.999412 0.001263 -0.034263 14.788200 -0.001233 0.999999 0.000892 0.017099 0.034264 -0.000849 0.999412 1.127379
0.999373 0.001457 -0.035378 15.284086 -0.001442 0.999999 0.000454 0.034426 0.035378 -0.000403 0.999374 1.187838
0.999114 0.001884 -0.042034 16.008133 -0.001818 0.999997 0.001602 -0.016365 0.042037 -0.001524 0.999115 1.050644
0.999026 0.001961 -0.044091 16.521804 -0.001886 0.999997 0.001733 -0.015453 0.044095 -0.001648 0.999026 1.099290
0.998966 0.002190 -0.045415 17.011614 -0.002102 0.999996 0.001991 -0.020794 0.045419 -0.001893 0.998966 1.108397
0.998895 0.002487 -0.046926 17.505792 -0.002387 0.999995 0.002173 -0.042465 0.046931 -0.002059 0.998896 1.193393
0.998789 0.002407 -0.049133 18.031128 -0.002307 0.999995 0.002083 -0.043926 0.049138 -0.001968 0.998790 1.240645
0.998793 0.004448 -0.048909 18.442662 -0.004243 0.999982 0.004287 -0.130592 0.048927 -0.004074 0.998794 1.378366
0.998680 0.006114 -0.050994 18.978395 -0.005768 0.999959 0.006929 -0.239454 0.051034 -0.006626 0.998675 1.457125
0.998672 0.006129 -0.051144 19.400670 -0.005795 0.999961 0.006674 -0.229229 0.051183 -0.006369 0.998669 1.567627
0.998635 0.005882 -0.051892 19.842351 -0.005516 0.999959 0.007191 -0.240013 0.051932 -0.006895 0.998627 1.579774
0.998535 0.005422 -0.053836 20.347142 -0.005100 0.999968 0.006129 -0.206305 0.053868 -0.005846 0.998531 1.709228
0.998467 0.006080 -0.055018 20.815255 -0.005699 0.999959 0.007075 -0.259606 0.055059 -0.006750 0.998460 1.799693
0.998281 0.005830 -0.058319 21.355366 -0.005443 0.999962 0.006795 -0.248837 0.058357 -0.006466 0.998275 1.796210
0.998201 0.006007 -0.059650 21.834466 -0.005573 0.999957 0.007429 -0.281556 0.059693 -0.007083 0.998192 1.859556
0.998127 0.006924 -0.060789 22.281622 -0.006414 0.999943 0.008571 -0.328441 0.060845 -0.008165 0.998114 1.948684
0.998001 0.005464 -0.062959 22.787743 -0.005069 0.999966 0.006428 -0.231250 0.062992 -0.006096 0.997995 1.959969
0.997946 0.005467 -0.063824 23.206228 -0.005086 0.999968 0.006129 -0.217787 0.063856 -0.005792 0.997942 2.089308
0.997846 0.005735 -0.065350 23.707572 -0.005327 0.999965 0.006425 -0.232815 0.065385 -0.006063 0.997842 2.161778
0.997702 0.004503 -0.067603 24.268539 -0.004163 0.999978 0.005174 -0.177455 0.067625 -0.004881 0.997699 2.169431
0.997673 0.004130 -0.068059 24.694878 -0.003858 0.999984 0.004125 -0.126641 0.068074 -0.003853 0.997673 2.296282
0.997689 0.005478 -0.067725 25.141869 -0.005119 0.999972 0.005474 -0.189773 0.067753 -0.005115 0.997689 2.434902
0.997585 0.004803 -0.069296 25.646655 -0.004482 0.999979 0.004782 -0.160169 0.069317 -0.004460 0.997585 2.506923
0.997528 0.006639 -0.069960 26.109949 -0.006119 0.999952 0.007645 -0.296326 0.070008 -0.007198 0.997520 2.506225
0.997548 0.005049 -0.069800 26.465204 -0.004709 0.999976 0.005028 -0.190020 0.069824 -0.004687 0.997548 2.745365
0.997479 0.004989 -0.070780 26.905529 -0.004673 0.999978 0.004625 -0.174736 0.070802 -0.004282 0.997481 2.853912
0.997493 0.004722 -0.070610 27.315830 -0.004414 0.999980 0.004511 -0.179395 0.070629 -0.004188 0.997494 2.935489
0.997264 0.004430 -0.073785 27.817599 -0.004131 0.999983 0.004211 -0.169461 0.073802 -0.003895 0.997265 3.056067
0.997352 0.003713 -0.072632 28.154781 -0.003452 0.999987 0.003723 -0.150812 0.072645 -0.003462 0.997352 3.138797
0.997420 0.002855 -0.071731 28.475558 -0.002630 0.999991 0.003240 -0.132698 0.071740 -0.003043 0.997419 3.278279
0.997236 0.002173 -0.074267 28.946681 -0.001953 0.999993 0.003037 -0.133003 0.074273 -0.002883 0.997234 3.356881
0.996723 0.002663 -0.080849 29.680375 -0.002366 0.999990 0.003772 -0.166557 0.080858 -0.003568 0.996719 3.203648
0.996851 0.002865 -0.079241 29.960599 -0.002526 0.999987 0.004376 -0.202806 0.079253 -0.004162 0.996846 3.431104
0.996802 0.002999 -0.079860 30.373901 -0.002650 0.999986 0.004475 -0.212633 0.079873 -0.004249 0.996796 3.561036
0.996467 0.002740 -0.083943 31.020528 -0.002455 0.999991 0.003499 -0.151784 0.083952 -0.003280 0.996464 3.563271
0.996318 0.002985 -0.085684 31.513036 -0.002679 0.999990 0.003692 -0.162041 0.085694 -0.003449 0.996316 3.597176
0.996497 0.003376 -0.083561 31.749448 -0.003144 0.999991 0.002902 -0.117384 0.083570 -0.002629 0.996498 3.653208
0.996421 0.003726 -0.084446 32.181881 -0.003330 0.999983 0.004830 -0.225271 0.084462 -0.004531 0.996416 3.658716
0.996480 0.003655 -0.083753 32.560316 -0.003246 0.999982 0.005021 -0.232300 0.083770 -0.004731 0.996474 3.725133
0.996450 0.005267 -0.084023 32.973355 -0.004777 0.999970 0.006026 -0.282424 0.084053 -0.005603 0.996446 3.801668
0.996106 0.003949 -0.088079 33.441101 -0.003653 0.999987 0.003522 -0.170161 0.088092 -0.003186 0.996107 4.018572
0.995982 0.001373 -0.089546 33.913404 -0.001183 0.999997 0.002182 -0.092465 0.089549 -0.002067 0.995980 4.066389
0.995936 0.001267 -0.090059 34.329067 -0.001092 0.999997 0.001992 -0.083988 0.090061 -0.001885 0.995934 4.126869
0.995875 0.000940 -0.090726 34.717863 -0.000773 0.999998 0.001874 -0.077181 0.090728 -0.001796 0.995874 4.223507
0.995974 0.001233 -0.089635 35.081288 -0.001117 0.999998 0.001342 -0.053198 0.089637 -0.001236 0.995974 4.269130
0.995977 0.001379 -0.089598 35.473075 -0.001331 0.999999 0.000595 -0.016053 0.089598 -0.000473 0.995978 4.385812
0.995639 0.002609 -0.093258 36.037284 -0.002510 0.999996 0.001176 -0.050843 0.093261 -0.000937 0.995641 4.388074
0.995644 0.002218 -0.093215 36.377095 -0.002175 0.999997 0.000568 -0.018399 0.093216 -0.000363 0.995646 4.525616
0.995265 0.005790 -0.097031 36.938896 -0.005517 0.999980 0.003076 -0.179950 0.097047 -0.002526 0.995277 4.603455
0.995319 0.006071 -0.096453 37.167001 -0.005691 0.999975 0.004218 -0.254701 0.096476 -0.003649 0.995329 4.881946
0.995580 0.006149 -0.093712 37.258406 -0.005850 0.999977 0.003458 -0.212420 0.093731 -0.002894 0.995593 5.122593
0.995604 0.005043 -0.093522 37.700599 -0.004511 0.999972 0.005894 -0.301003 0.093549 -0.005446 0.995600 5.013855
0.995864 0.004958 -0.090718 37.981741 -0.004550 0.999979 0.004707 -0.251193 0.090739 -0.004275 0.995866 5.042496
0.995590 0.005812 -0.093630 38.382962 -0.005455 0.999977 0.004061 -0.240352 0.093652 -0.003533 0.995599 5.273598
0.995669 0.006196 -0.092765 38.694144 -0.005798 0.999973 0.004552 -0.272189 0.092791 -0.003995 0.995678 5.369275
0.995582 0.006562 -0.093666 39.107885 -0.006181 0.999971 0.004349 -0.274867 0.093692 -0.003751 0.995594 5.437552
0.995474 0.011344 -0.094353 39.435806 -0.010718 0.999917 0.007144 -0.485289 0.094426 -0.006101 0.995513 5.618575
0.995406 0.012533 -0.094922 39.796971 -0.011880 0.999902 0.007449 -0.524951 0.095006 -0.006287 0.995457 5.723663
0.995309 0.011583 -0.096056 40.294502 -0.011008 0.999918 0.006513 -0.475184 0.096124 -0.005425 0.995355 5.699435
0.995413 0.011148 -0.095022 40.690692 -0.010616 0.999925 0.006109 -0.453782 0.095083 -0.005073 0.995456 5.664354
0.995051 0.008268 -0.099017 41.193898 -0.007960 0.999962 0.003503 -0.289611 0.099043 -0.002697 0.995080 5.878646
0.994901 0.007654 -0.100565 41.689909 -0.007308 0.999966 0.003810 -0.293649 0.100591 -0.003056 0.994923 5.880431
0.994713 0.008438 -0.102350 42.065902 -0.008102 0.999960 0.003697 -0.307779 0.102378 -0.002849 0.994742 6.051275
0.994779 0.007138 -0.101803 42.433856 -0.006736 0.999968 0.004297 -0.312562 0.101830 -0.003589 0.994795 6.055489
0.994857 0.007356 -0.101023 42.859406 -0.007015 0.999968 0.003729 -0.300241 0.101047 -0.003001 0.994877 6.015191
0.994873 0.006638 -0.100910 43.263252 -0.006254 0.999972 0.004127 -0.305718 0.100935 -0.003475 0.994887 6.010592
0.995504 0.005272 -0.094574 43.526556 -0.004807 0.999975 0.005145 -0.327422 0.094599 -0.004667 0.995505 5.711002
0.994987 0.006068 -0.099824 44.003445 -0.005706 0.999976 0.003915 -0.294784 0.099846 -0.003326 0.994997 5.980247
0.994869 0.005877 -0.100999 44.298356 -0.005651 0.999981 0.002520 -0.231982 0.101012 -0.001936 0.994883 6.225003
0.994483 0.006758 -0.104681 44.749257 -0.006533 0.999976 0.002488 -0.259589 0.104696 -0.001790 0.994503 6.474755
0.994524 0.004170 -0.104427 45.207920 -0.003887 0.999988 0.002906 -0.221655 0.104437 -0.002485 0.994528 6.401508
0.994099 0.003035 -0.108433 45.866994 -0.002759 0.999993 0.002691 -0.183977 0.108441 -0.002376 0.994100 6.376070
0.994106 0.003803 -0.108347 46.287901 -0.003490 0.999989 0.003075 -0.222678 0.108357 -0.002678 0.994108 6.378218
0.994119 0.003508 -0.108235 46.706436 -0.003077 0.999987 0.004155 -0.269215 0.108248 -0.003798 0.994117 6.422068
0.994047 0.004615 -0.108854 47.118608 -0.004309 0.999986 0.003051 -0.264293 0.108867 -0.002564 0.994053 6.459534
0.994019 0.006974 -0.108982 47.534365 -0.006854 0.999975 0.001478 -0.260902 0.108989 -0.000722 0.994043 6.470043
0.993777 0.006558 -0.111195 47.978444 -0.006485 0.999978 0.001021 -0.238914 0.111199 -0.000294 0.993798 6.634158
0.993868 0.004531 -0.110476 48.387689 -0.004306 0.999988 0.002271 -0.239861 0.110485 -0.001781 0.993876 6.616731
0.993682 0.004698 -0.112138 48.844926 -0.004434 0.999987 0.002609 -0.254898 0.112149 -0.002096 0.993689 6.701776
0.993788 0.004672 -0.111190 49.223369 -0.004394 0.999987 0.002742 -0.262453 0.111201 -0.002237 0.993795 6.697358
0.993541 0.005742 -0.113325 49.678479 -0.005543 0.999982 0.002069 -0.249674 0.113335 -0.001428 0.993556 6.807767
0.993468 0.007266 -0.113878 50.087745 -0.007220 0.999974 0.000822 -0.248599 0.113881 0.000005 0.993494 6.872423
0.993485 0.004689 -0.113870 50.507767 -0.004394 0.999986 0.002846 -0.259910 0.113882 -0.002327 0.993492 6.872581
0.993423 0.005368 -0.114373 50.902109 -0.005158 0.999984 0.002127 -0.257010 0.114383 -0.001523 0.993436 6.961462
0.993384 0.003042 -0.114800 51.323623 -0.002590 0.999988 0.004084 -0.263722 0.114811 -0.003760 0.993380 7.003001
0.993369 0.004457 -0.114881 51.724004 -0.004164 0.999987 0.002786 -0.261807 0.114892 -0.002289 0.993375 7.070789
0.993452 0.004101 -0.114176 52.152144 -0.003702 0.999986 0.003708 -0.275548 0.114189 -0.003261 0.993454 7.089247
0.993517 0.004336 -0.113601 52.563137 -0.003966 0.999986 0.003483 -0.277449 0.113614 -0.003010 0.993520 7.137126
0.993517 0.003399 -0.113629 52.979214 -0.003020 0.999989 0.003509 -0.277415 0.113640 -0.003143 0.993517 7.188279
0.993609 0.004066 -0.112800 53.396564 -0.003696 0.999987 0.003489 -0.285646 0.112813 -0.003050 0.993612 7.223884
0.993673 0.004443 -0.112224 53.800022 -0.004000 0.999983 0.004171 -0.290533 0.112241 -0.003696 0.993674 7.278295
0.993379 0.005445 -0.114751 54.226627 -0.004896 0.999975 0.005063 -0.293945 0.114776 -0.004468 0.993381 7.322035
0.993492 0.005961 -0.113747 54.641363 -0.005415 0.999972 0.005112 -0.299910 0.113775 -0.004463 0.993497 7.358106
0.993487 0.005362 -0.113821 55.062470 -0.004755 0.999973 0.005609 -0.306298 0.113848 -0.005031 0.993485 7.397408
0.993402 0.003359 -0.114632 55.495147 -0.002863 0.999986 0.004486 -0.300755 0.114646 -0.004128 0.993398 7.436419
0.993347 0.003667 -0.115097 55.907598 -0.003112 0.999983 0.005003 -0.305068 0.115114 -0.004612 0.993342 7.491532
0.993155 0.004156 -0.116728 56.334548 -0.003534 0.999978 0.005536 -0.311402 0.116748 -0.005085 0.993149 7.551263
0.993496 0.004867 -0.113762 56.725202 -0.004333 0.999978 0.004938 -0.306167 0.113784 -0.004413 0.993496 7.592520
0.993351 0.004979 -0.115019 57.156967 -0.004551 0.999982 0.003982 -0.298135 0.115037 -0.003432 0.993355 7.636054
0.993550 0.004294 -0.113310 57.565097 -0.003988 0.999988 0.002933 -0.292084 0.113321 -0.002463 0.993555 7.675528
0.993523 0.004965 -0.113526 57.969461 -0.004715 0.999986 0.002473 -0.296117 0.113536 -0.001922 0.993532 7.714791
0.993842 0.005201 -0.110685 58.357672 -0.004933 0.999984 0.002698 -0.302380 0.110697 -0.002135 0.993852 7.740451
0.993940 0.007698 -0.109651 58.754607 -0.007674 0.999970 0.000643 -0.296891 0.109653 0.000203 0.993970 7.780050
0.994108 0.007931 -0.108101 59.168591 -0.007903 0.999969 0.000684 -0.310839 0.108103 0.000175 0.994140 7.810885
0.993977 0.008039 -0.109291 59.595148 -0.008044 0.999968 0.000398 -0.313209 0.109290 0.000484 0.994010 7.858842
0.993918 0.005069 -0.110010 60.027487 -0.004560 0.999978 0.004878 -0.342380 0.110032 -0.004346 0.993919 7.873077
0.993808 0.007137 -0.110879 60.452780 -0.006825 0.999972 0.003189 -0.340168 0.110899 -0.002412 0.993829 7.907587
0.993785 0.006703 -0.111117 60.879334 -0.006423 0.999975 0.002880 -0.339227 0.111134 -0.002148 0.993803 7.952114
0.993901 0.009146 -0.109898 61.307257 -0.009007 0.999958 0.001757 -0.347879 0.109910 -0.000757 0.993941 7.940110
0.993689 0.009298 -0.111780 61.737689 -0.009048 0.999955 0.002741 -0.348019 0.111800 -0.001713 0.993729 8.033058
0.993582 0.009278 -0.112734 62.165407 -0.009112 0.999957 0.001988 -0.341656 0.112747 -0.000948 0.993623 8.092163
0.993482 0.008396 -0.113679 62.592437 -0.007944 0.999959 0.004425 -0.357005 0.113711 -0.003493 0.993508 8.157354
0.993338 0.008134 -0.114950 63.031515 -0.007731 0.999962 0.003954 -0.358259 0.114978 -0.003039 0.993363 8.202420
0.993768 0.009799 -0.111039 63.432149 -0.009362 0.999946 0.004451 -0.365019 0.111077 -0.003384 0.993806 8.246878
0.993427 0.010046 -0.114027 63.878208 -0.009588 0.999944 0.004566 -0.372792 0.114066 -0.003443 0.993467 8.294865
0.993536 0.010680 -0.113015 64.293323 -0.010303 0.999939 0.003922 -0.370204 0.113050 -0.002732 0.993586 8.346547
0.993336 0.010128 -0.114806 64.734067 -0.009519 0.999938 0.005846 -0.384877 0.114859 -0.004714 0.993371 8.396456
0.993391 0.010081 -0.114335 65.157077 -0.009597 0.999943 0.004784 -0.385044 0.114377 -0.003655 0.993431 8.446075
0.993226 0.008788 -0.115870 65.595270 -0.008405 0.999957 0.003794 -0.383702 0.115898 -0.002795 0.993257 8.494910
0.993226 0.008312 -0.115904 66.017236 -0.008025 0.999963 0.002940 -0.380878 0.115924 -0.001990 0.993256 8.549540
0.992898 0.009275 -0.118603 66.463546 -0.008474 0.999938 0.007260 -0.416043 0.118663 -0.006203 0.992915 8.599865
0.992929 0.009778 -0.118305 66.887125 -0.009078 0.999938 0.006452 -0.416114 0.118361 -0.005333 0.992956 8.649454
0.992950 0.008322 -0.118239 67.314236 -0.007885 0.999960 0.004164 -0.401261 0.118269 -0.003202 0.992976 8.706072
0.992554 0.008819 -0.121487 67.746097 -0.008406 0.999957 0.003916 -0.397181 0.121516 -0.002865 0.992585 8.783655
0.992793 0.012611 -0.119175 68.117829 -0.012556 0.999920 0.001219 -0.390007 0.119181 0.000286 0.992873 8.846259
0.992931 0.012881 -0.117990 68.527809 -0.012596 0.999916 0.003163 -0.421120 0.118021 -0.001655 0.993010 8.853628
0.992731 0.013461 -0.119601 68.957586 -0.013387 0.999909 0.001419 -0.402351 0.119609 0.000192 0.992821 8.941330
0.992663 0.011870 -0.120326 69.381343 -0.011555 0.999928 0.003313 -0.424930 0.120357 -0.001899 0.992729 8.981335
0.992574 0.011522 -0.121099 69.808996 -0.011114 0.999930 0.004045 -0.438794 0.121138 -0.002669 0.992632 9.026361
0.992373 0.011904 -0.122699 70.231531 -0.011689 0.999929 0.002466 -0.431943 0.122720 -0.001013 0.992441 9.100534
0.992494 0.011299 -0.121772 70.648962 -0.010848 0.999932 0.004361 -0.453008 0.121813 -0.003007 0.992548 9.122692
0.992257 0.010512 -0.123758 71.064289 -0.010076 0.999941 0.004152 -0.445606 0.123794 -0.002873 0.992304 9.210038
0.992155 0.011860 -0.124453 71.473239 -0.011735 0.999930 0.001743 -0.438422 0.124464 -0.000269 0.992224 9.262119
0.992200 0.010499 -0.124216 71.890708 -0.010268 0.999944 0.002501 -0.438460 0.124235 -0.001206 0.992252 9.331313
0.992252 0.010592 -0.123787 72.295200 -0.010399 0.999944 0.002204 -0.438351 0.123803 -0.000899 0.992306 9.399413
0.992455 0.010951 -0.122120 72.696397 -0.010807 0.999940 0.001838 -0.439444 0.122133 -0.000505 0.992514 9.453232
0.992326 0.010751 -0.123179 73.104978 -0.010546 0.999942 0.002316 -0.437864 0.123196 -0.000999 0.992382 9.517759
0.992261 0.010369 -0.123733 73.521135 -0.010155 0.999946 0.002358 -0.442737 0.123751 -0.001083 0.992313 9.562676
0.992309 0.011672 -0.123233 73.916373 -0.011467 0.999931 0.002369 -0.442086 0.123253 -0.000937 0.992375 9.622732
0.992445 0.012546 -0.122050 74.317468 -0.012157 0.999918 0.003929 -0.456734 0.122090 -0.002415 0.992516 9.669511
0.992619 0.011001 -0.120779 74.716585 -0.010712 0.999938 0.003039 -0.450295 0.120804 -0.001723 0.992675 9.718340
0.992590 0.013219 -0.120795 75.123931 -0.012744 0.999908 0.004704 -0.470843 0.120846 -0.003129 0.992666 9.756916
0.992494 0.014024 -0.121486 75.534274 -0.013441 0.999894 0.005621 -0.480292 0.121552 -0.003945 0.992577 9.808643
0.992999 0.011346 -0.117573 75.921595 -0.010935 0.999932 0.004134 -0.472137 0.117612 -0.002820 0.993056 9.846703
0.992819 0.010907 -0.119126 76.342797 -0.010460 0.999936 0.004378 -0.480738 0.119166 -0.003101 0.992870 9.895933
0.992998 0.012021 -0.117521 76.744131 -0.011682 0.999925 0.003575 -0.489194 0.117555 -0.002178 0.993064 9.923194
0.993556 0.017733 -0.111949 77.094167 -0.017371 0.999840 0.004204 -0.493556 0.112006 -0.002233 0.993705 9.955569
0.993002 0.013889 -0.117278 77.560346 -0.013577 0.999902 0.003461 -0.496333 0.117314 -0.001845 0.993093 10.002279
0.993189 0.013559 -0.115721 77.963672 -0.013032 0.999901 0.005312 -0.513491 0.115782 -0.003767 0.993268 10.031904
0.993179 0.011543 -0.116024 78.390112 -0.010919 0.999922 0.006012 -0.518655 0.116084 -0.004704 0.993228 10.086170
0.993075 0.012452 -0.116824 78.813917 -0.012058 0.999919 0.004078 -0.515090 0.116865 -0.002641 0.993144 10.120449
0.992817 0.011304 -0.119107 79.250860 -0.010867 0.999932 0.004316 -0.522708 0.119147 -0.002990 0.992872 10.183302
0.992925 0.009973 -0.118326 79.664287 -0.009390 0.999941 0.005480 -0.533892 0.118373 -0.004330 0.992960 10.218363
0.992960 0.011463 -0.117892 80.087752 -0.010947 0.999927 0.005026 -0.545707 0.117941 -0.003700 0.993014 10.242968
0.992815 0.009108 -0.119311 80.520780 -0.008325 0.999940 0.007058 -0.569007 0.119368 -0.006014 0.992832 10.276688
0.992610 0.009597 -0.120967 80.953568 -0.008816 0.999937 0.006990 -0.570913 0.121026 -0.005872 0.992632 10.331767
0.992810 0.011571 -0.119141 81.382096 -0.010697 0.999911 0.007968 -0.592958 0.119223 -0.006636 0.992845 10.351912
0.992355 0.010280 -0.122984 81.819648 -0.009475 0.999930 0.007129 -0.590718 0.123049 -0.005909 0.992383 10.420580
0.992321 0.009593 -0.123316 82.232131 -0.008744 0.999934 0.007425 -0.590927 0.123379 -0.006290 0.992340 10.482375
0.992694 0.010145 -0.120233 82.636941 -0.009380 0.999932 0.006925 -0.588755 0.120295 -0.005747 0.992722 10.539003
0.992418 0.009557 -0.122534 83.089057 -0.008669 0.999932 0.007779 -0.601205 0.122600 -0.006658 0.992434 10.575199
0.992486 0.009759 -0.121965 83.500216 -0.008837 0.999928 0.008101 -0.604082 0.122035 -0.006962 0.992501 10.636938
0.992260 0.008912 -0.123860 83.921542 -0.008054 0.999940 0.007427 -0.595728 0.123919 -0.006372 0.992272 10.702855
0.992242 0.009559 -0.123955 84.365102 -0.008651 0.999932 0.007859 -0.604720 0.124022 -0.006726 0.992257 10.753811
0.992231 0.009433 -0.124054 84.791812 -0.008534 0.999933 0.007778 -0.610847 0.124119 -0.006659 0.992245 10.804068
0.991882 0.011210 -0.126665 85.239993 -0.010065 0.999903 0.009674 -0.637377 0.126761 -0.008321 0.991898 10.856884
0.992272 0.011898 -0.123510 85.638620 -0.010839 0.999899 0.009241 -0.639311 0.123608 -0.007831 0.992300 10.896565
0.992269 0.012045 -0.123520 86.068928 -0.010975 0.999896 0.009338 -0.650662 0.123620 -0.007910 0.992298 10.938494
0.992156 0.012991 -0.124325 86.493183 -0.012052 0.999893 0.008300 -0.658064 0.124420 -0.006736 0.992207 10.989776
0.992143 0.010649 -0.124653 86.916654 -0.009797 0.999924 0.007450 -0.638573 0.124723 -0.006170 0.992172 11.053775
0.991928 0.013279 -0.126108 87.371943 -0.012454 0.999896 0.007332 -0.662307 0.126192 -0.005703 0.991989 11.097828
0.991709 0.014638 -0.127669 87.854526 -0.014051 0.999886 0.005497 -0.647138 0.127735 -0.003658 0.991802 11.122389
0.991634 0.015237 -0.128177 88.295219 -0.014551 0.999874 0.006289 -0.667458 0.128257 -0.004372 0.991731 11.180802
0.991314 0.012430 -0.130930 88.737610 -0.011804 0.999915 0.005554 -0.645446 0.130988 -0.003960 0.991376 11.268871
0.991100 0.013435 -0.132440 89.178464 -0.012854 0.999904 0.005246 -0.650299 0.132498 -0.003497 0.991177 11.344635
0.990958 0.013888 -0.133454 89.625814 -0.013191 0.999894 0.006105 -0.665848 0.133524 -0.004290 0.991036 11.389642
0.990916 0.012903 -0.133864 90.062390 -0.012302 0.999910 0.005315 -0.660821 0.133921 -0.003620 0.990985 11.460578
0.990731 0.013871 -0.135129 90.510344 -0.013380 0.999900 0.004542 -0.670666 0.135178 -0.002691 0.990818 11.503178
0.990721 0.014497 -0.135134 90.919874 -0.014018 0.999892 0.004497 -0.665977 0.135185 -0.002561 0.990817 11.596455
0.990775 0.012817 -0.134908 91.333791 -0.012425 0.999916 0.003743 -0.659641 0.134945 -0.002033 0.990851 11.665551
0.990843 0.013095 -0.134380 91.760730 -0.012581 0.999910 0.004672 -0.672555 0.134429 -0.002939 0.990919 11.716862
0.990718 0.013051 -0.135307 92.184189 -0.012636 0.999912 0.003926 -0.671552 0.135347 -0.002180 0.990796 11.788493
0.990663 0.014762 -0.135533 92.600082 -0.014433 0.999890 0.003407 -0.677637 0.135569 -0.001419 0.990767 11.860634
0.990807 0.014580 -0.134495 93.014148 -0.014084 0.999890 0.004635 -0.690600 0.134548 -0.002698 0.990903 11.894176
0.990770 0.014971 -0.134725 93.435129 -0.014463 0.999884 0.004751 -0.696126 0.134780 -0.002758 0.990872 11.951473
0.990686 0.014435 -0.135401 93.867414 -0.013719 0.999887 0.006219 -0.714072 0.135476 -0.004303 0.990771 12.008263
0.990832 0.014554 -0.134313 94.279336 -0.013865 0.999885 0.006068 -0.716017 0.134386 -0.004150 0.990920 12.067929
0.990598 0.014699 -0.136011 94.704191 -0.013965 0.999882 0.006346 -0.724893 0.136088 -0.004387 0.990687 12.124871
0.990433 0.013548 -0.137326 95.142491 -0.013026 0.999904 0.004702 -0.722318 0.137376 -0.002868 0.990515 12.173749
0.990245 0.013843 -0.138649 95.568937 -0.013486 0.999903 0.003513 -0.712777 0.138684 -0.001609 0.990335 12.253324
0.990703 0.014835 -0.135233 95.964850 -0.014598 0.999890 0.002742 -0.711316 0.135259 -0.000742 0.990810 12.280633
0.990601 0.015458 -0.135907 96.392635 -0.015272 0.999880 0.002407 -0.717209 0.135928 -0.000308 0.990719 12.318881
0.990652 0.015518 -0.135525 96.799433 -0.015442 0.999879 0.001608 -0.715752 0.135534 0.000500 0.990773 12.391636
0.990668 0.014862 -0.135484 97.224203 -0.014550 0.999889 0.003297 -0.746469 0.135518 -0.001295 0.990774 12.461717
0.990531 0.015683 -0.136392 97.646015 -0.015324 0.999876 0.003680 -0.754276 0.136432 -0.001555 0.990648 12.513973
0.990573 0.015807 -0.136073 98.061204 -0.015376 0.999873 0.004218 -0.758226 0.136122 -0.002086 0.990690 12.578032
0.990493 0.015327 -0.136708 98.488490 -0.014844 0.999879 0.004551 -0.772388 0.136761 -0.002478 0.990601 12.629075
0.990705 0.015268 -0.135170 98.891398 -0.014862 0.999882 0.004012 -0.776930 0.135216 -0.001965 0.990814 12.678981
0.990542 0.013757 -0.136522 99.323576 -0.013137 0.999899 0.005445 -0.787404 0.136583 -0.003600 0.990622 12.754907
0.990449 0.014092 -0.137160 99.742411 -0.013416 0.999893 0.005848 -0.789895 0.137228 -0.003952 0.990532 12.821317
0.990365 0.014302 -0.137740 100.168386 -0.013486 0.999886 0.006852 -0.814497 0.137822 -0.004928 0.990445 12.844480
0.990514 0.015220 -0.136569 100.582144 -0.014487 0.999875 0.006362 -0.820411 0.136649 -0.004323 0.990610 12.903272
0.990498 0.016462 -0.136535 101.004947 -0.015619 0.999852 0.007239 -0.833163 0.136634 -0.005037 0.990609 12.964138
0.990725 0.016025 -0.134934 101.418183 -0.015195 0.999859 0.007185 -0.838466 0.135030 -0.005068 0.990829 13.023765
0.990644 0.015946 -0.135540 101.842706 -0.015248 0.999865 0.006190 -0.833764 0.135621 -0.004065 0.990753 13.090956
0.990468 0.016658 -0.136731 102.270377 -0.015844 0.999850 0.007040 -0.849066 0.136828 -0.004807 0.990583 13.140712
0.990281 0.016733 -0.138074 102.690501 -0.015860 0.999847 0.007425 -0.853833 0.138177 -0.005163 0.990394 13.214741
0.990261 0.017419 -0.138131 103.113833 -0.016542 0.999835 0.007495 -0.864625 0.138238 -0.005137 0.990386 13.272390
0.990145 0.016536 -0.139067 103.539194 -0.015551 0.999846 0.008172 -0.870332 0.139181 -0.005929 0.990249 13.340732
0.990339 0.017497 -0.137562 103.949514 -0.016545 0.999831 0.008062 -0.880176 0.137680 -0.005708 0.990460 13.388195
0.991580 0.019172 -0.128072 104.273902 -0.018289 0.999800 0.008064 -0.879818 0.128201 -0.005653 0.991732 13.441721
0.990631 0.020524 -0.135011 104.754349 -0.019439 0.999767 0.009354 -0.909999 0.135172 -0.006642 0.990800 13.500108
0.990169 0.018545 -0.138645 105.215984 -0.017431 0.999805 0.009242 -0.916823 0.138789 -0.006735 0.990299 13.557846
0.990553 0.018101 -0.135933 105.608779 -0.016965 0.999811 0.009506 -0.917845 0.136079 -0.007110 0.990672 13.611486
0.990043 0.017934 -0.139622 106.088328 -0.016784 0.999815 0.009408 -0.934137 0.139764 -0.006971 0.990160 13.665730
0.990567 0.020193 -0.135530 106.476034 -0.019197 0.999778 0.008650 -0.937258 0.135674 -0.005967 0.990736 13.695649
0.990055 0.019416 -0.139334 106.942060 -0.018187 0.999784 0.010086 -0.959542 0.139499 -0.007452 0.990194 13.757600
0.989977 0.019176 -0.139922 107.385251 -0.017956 0.999789 0.009978 -0.958447 0.140083 -0.007366 0.990112 13.803953
0.989909 0.018239 -0.140527 107.830383 -0.016946 0.999802 0.010390 -0.977987 0.140689 -0.007904 0.990022 13.834022
0.989511 0.018597 -0.143258 108.268696 -0.017487 0.999807 0.009000 -0.974770 0.143398 -0.006400 0.989644 13.910844
0.989838 0.020550 -0.140707 108.672972 -0.019351 0.999764 0.009888 -1.005602 0.140877 -0.007065 0.990002 13.944329
0.989413 0.019587 -0.143799 109.144055 -0.018504 0.999789 0.008865 -1.002322 0.143942 -0.006111 0.989567 14.026337
0.989201 0.020886 -0.145068 109.585618 -0.019936 0.999769 0.008002 -1.001602 0.145202 -0.005023 0.989389 14.099073
0.988925 0.022156 -0.146753 110.031117 -0.021477 0.999750 0.006211 -0.992970 0.146854 -0.002990 0.989154 14.194699
0.988747 0.020662 -0.148165 110.468185 -0.019632 0.999772 0.008409 -1.016110 0.148304 -0.005406 0.988927 14.252420
0.988590 0.019292 -0.149390 110.904418 -0.017972 0.999787 0.010182 -1.027186 0.149555 -0.007381 0.988726 14.337497
0.988310 0.018771 -0.151298 111.349668 -0.017633 0.999805 0.008855 -1.025489 0.151435 -0.006084 0.988448 14.408092
0.988199 0.018876 -0.152006 111.788761 -0.017629 0.999799 0.009548 -1.037806 0.152156 -0.006755 0.988333 14.480569
0.987782 0.017713 -0.154834 112.230415 -0.016274 0.999812 0.010555 -1.041119 0.154992 -0.007906 0.987884 14.570242
0.987974 0.018507 -0.153508 112.646340 -0.017119 0.999800 0.010359 -1.043842 0.153669 -0.007606 0.988093 14.642542
0.988285 0.019502 -0.151369 113.067044 -0.018101 0.999780 0.010629 -1.056646 0.151543 -0.007764 0.988420 14.690898
0.988137 0.018332 -0.152479 113.452621 -0.017333 0.999819 0.007876 -1.025537 0.152596 -0.005139 0.988275 14.825365
0.988247 0.018124 -0.151784 113.856508 -0.017223 0.999825 0.007251 -1.020946 0.151889 -0.004551 0.988387 14.908185
0.988601 0.017619 -0.149527 114.258961 -0.016746 0.999835 0.007091 -1.021646 0.149627 -0.004506 0.988732 14.968718
0.988276 0.017766 -0.151640 114.692122 -0.016879 0.999832 0.007135 -1.029385 0.151741 -0.004492 0.988410 15.035993
0.988483 0.017329 -0.150337 115.084961 -0.016631 0.999844 0.005904 -1.024420 0.150416 -0.003336 0.988617 15.102367
0.988546 0.018748 -0.149751 115.469759 -0.018298 0.999823 0.004386 -1.021501 0.149807 -0.001596 0.988714 15.188088
0.988639 0.020598 -0.148891 115.900613 -0.020207 0.999787 0.004136 -1.041255 0.148944 -0.001080 0.988845 15.221007
0.988325 0.021752 -0.150801 116.320855 -0.021425 0.999763 0.003792 -1.047070 0.150848 -0.000517 0.988557 15.297698
0.988713 0.022574 -0.148114 116.707507 -0.022487 0.999745 0.002265 -1.042449 0.148127 0.001092 0.988968 15.360252
0.988148 0.022174 -0.151891 117.159302 -0.021828 0.999754 0.003945 -1.067224 0.151942 -0.000582 0.988389 15.414307
0.988409 0.022001 -0.150209 117.577006 -0.021496 0.999757 0.004980 -1.085653 0.150282 -0.001694 0.988642 15.462075
0.988018 0.021606 -0.152820 117.989873 -0.021056 0.999765 0.005214 -1.085302 0.152897 -0.001934 0.988240 15.567295
0.987935 0.023976 -0.153000 118.389801 -0.023757 0.999712 0.003258 -1.087381 0.153034 0.000416 0.988221 15.622904
0.987888 0.024039 -0.153297 118.798648 -0.023864 0.999711 0.002981 -1.098065 0.153325 0.000714 0.988176 15.685547
0.988029 0.024225 -0.152356 119.194298 -0.024391 0.999702 0.000779 -1.085175 0.152329 0.002946 0.988325 15.794425
0.987950 0.022428 -0.153141 119.614636 -0.022377 0.999747 0.002058 -1.100294 0.153148 0.001394 0.988202 15.859574
0.987138 0.018072 -0.158843 120.047691 -0.018004 0.999836 0.001867 -1.093658 0.158851 0.001017 0.987302 15.971632
0.987099 0.020592 -0.158781 120.443905 -0.020737 0.999785 0.000742 -1.096368 0.158762 0.002560 0.987314 16.035146
0.986885 0.018840 -0.160319 120.843745 -0.018856 0.999821 0.001417 -1.099560 0.160317 0.001625 0.987064 16.131916
0.986918 0.017880 -0.160227 121.239713 -0.017939 0.999838 0.001079 -1.102098 0.160221 0.001810 0.987080 16.191449
0.987289 0.019720 -0.157709 121.633652 -0.019710 0.999804 0.001625 -1.116940 0.157710 0.001504 0.987484 16.244809
0.987339 0.019526 -0.157418 122.008076 -0.019724 0.999805 0.000308 -1.110881 0.157393 0.002801 0.987532 16.336031
0.987186 0.019320 -0.158401 122.411038 -0.019443 0.999811 0.000772 -1.120291 0.158386 0.002317 0.987375 16.407150
0.987411 0.019208 -0.157002 122.786724 -0.019521 0.999809 -0.000454 -1.118929 0.156963 0.003513 0.987598 16.476728
0.987702 0.019433 -0.155138 123.155126 -0.019790 0.999804 -0.000756 -1.119134 0.155093 0.003817 0.987893 16.548187
0.987771 0.017584 -0.154918 123.530565 -0.017919 0.999839 -0.000764 -1.124239 0.154879 0.003531 0.987927 16.625979
0.987844 0.017242 -0.154490 123.925545 -0.017363 0.999849 0.000563 -1.142605 0.154476 0.002127 0.987994 16.675867
0.987962 0.017138 -0.153746 124.318693 -0.017230 0.999851 0.000735 -1.154030 0.153736 0.001923 0.988110 16.726242
0.988169 0.021483 -0.151857 124.679659 -0.021195 0.999769 0.003514 -1.186994 0.151897 -0.000254 0.988396 16.768921
0.988419 0.021059 -0.150283 125.061237 -0.020921 0.999778 0.002499 -1.182580 0.150302 0.000674 0.988640 16.837273
0.988450 0.021443 -0.150024 125.454428 -0.021253 0.999770 0.002872 -1.195763 0.150051 0.000350 0.988678 16.886107
0.988998 0.022410 -0.146224 125.816648 -0.022497 0.999746 0.001060 -1.187979 0.146211 0.002241 0.989251 16.938057
0.989799 0.026615 -0.139961 126.146554 -0.026915 0.999638 -0.000256 -1.190033 0.139903 0.004020 0.990157 16.886579
0.990101 0.025251 -0.138069 126.538913 -0.025646 0.999671 -0.001082 -1.185465 0.137997 0.004612 0.990422 16.921846
0.990215 0.024955 -0.137304 126.935003 -0.024919 0.999688 0.001976 -1.229747 0.137310 0.001465 0.990527 16.967239
0.990582 0.024668 -0.134679 127.320334 -0.024535 0.999695 0.002647 -1.264998 0.134703 0.000682 0.990886 16.972795
0.990699 0.025265 -0.133708 127.726502 -0.025199 0.999680 0.002184 -1.283319 0.133720 0.001206 0.991018 17.005039
0.990333 0.024232 -0.136574 128.153639 -0.024236 0.999705 0.001639 -1.287392 0.136573 0.001687 0.990629 17.077335
0.990683 0.024616 -0.133945 128.551712 -0.024574 0.999696 0.001968 -1.309868 0.133952 0.001342 0.990987 17.085315
0.990571 0.025069 -0.134689 128.982429 -0.024774 0.999686 0.003863 -1.352182 0.134743 -0.000490 0.990880 17.089953
0.990873 0.025218 -0.132418 129.389121 -0.024828 0.999681 0.004598 -1.377035 0.132492 -0.001268 0.991183 17.109851
0.991256 0.025163 -0.129534 129.795171 -0.024545 0.999678 0.006368 -1.417210 0.129652 -0.003132 0.991555 17.120000
0.990957 0.026331 -0.131570 130.242406 -0.025674 0.999648 0.006688 -1.441286 0.131700 -0.003250 0.991284 17.137239
0.990683 0.027481 -0.133384 130.662775 -0.027027 0.999621 0.005207 -1.431305 0.133477 -0.001554 0.991051 17.220915
0.990750 0.028118 -0.132755 131.101221 -0.027489 0.999601 0.006566 -1.464157 0.132887 -0.002856 0.991127 17.232779
0.990727 0.027190 -0.133117 131.586699 -0.026210 0.999615 0.009104 -1.520859 0.133314 -0.005530 0.991058 17.225631
0.991063 0.027571 -0.130513 132.004246 -0.026441 0.999596 0.010387 -1.556279 0.130747 -0.006843 0.991392 17.254411
0.992013 0.029891 -0.122545 132.347889 -0.028645 0.999519 0.011923 -1.574735 0.122843 -0.008318 0.992391 17.314306
0.991261 0.030213 -0.128409 132.883321 -0.028720 0.999497 0.013465 -1.617159 0.128752 -0.009659 0.991630 17.324508
0.990817 0.031355 -0.131523 133.380839 -0.029470 0.999433 0.016254 -1.671563 0.131959 -0.012229 0.991180 17.352502
0.990676 0.032189 -0.132380 133.833274 -0.030588 0.999432 0.014110 -1.663350 0.132759 -0.009929 0.991099 17.413862
0.991059 0.032509 -0.129402 134.258217 -0.030880 0.999417 0.014574 -1.683932 0.129800 -0.010448 0.991485 17.456958
0.991037 0.032537 -0.129562 134.724166 -0.031052 0.999427 0.013468 -1.695234 0.129926 -0.009324 0.991480 17.493116
0.991216 0.035526 -0.127388 135.167300 -0.033770 0.999303 0.015921 -1.748771 0.127865 -0.011479 0.991725 17.484611
0.991376 0.035130 -0.126250 135.627917 -0.033347 0.999312 0.016213 -1.774450 0.126733 -0.011863 0.991866 17.472073
0.991675 0.036168 -0.123580 136.074775 -0.034624 0.999293 0.014620 -1.781767 0.124022 -0.010219 0.992227 17.519897
0.991719 0.033558 -0.123963 136.547608 -0.032085 0.999389 0.013867 -1.767514 0.124353 -0.009775 0.992190 17.558326
0.990753 0.032497 -0.131728 137.103795 -0.030682 0.999405 0.015782 -1.801490 0.132162 -0.011595 0.991160 17.651288
0.991019 0.033618 -0.129429 137.555684 -0.031677 0.999353 0.017033 -1.840584 0.129918 -0.012780 0.991442 17.687834
0.991149 0.035516 -0.127916 138.035494 -0.033380 0.999266 0.018800 -1.888508 0.128490 -0.014364 0.991607 17.672781
0.990518 0.035637 -0.132679 138.580590 -0.032935 0.999204 0.022509 -1.952451 0.133375 -0.017925 0.990904 17.717891
0.990126 0.035719 -0.135553 139.098924 -0.032503 0.999137 0.025861 -2.007140 0.136360 -0.021200 0.990433 17.803894
0.989407 0.034827 -0.140929 139.641611 -0.031222 0.999128 0.027714 -2.035936 0.141772 -0.023021 0.989632 17.877637
0.989113 0.035277 -0.142868 140.141231 -0.031836 0.999147 0.026298 -2.032589 0.143673 -0.021463 0.989392 17.974478
0.989308 0.035019 -0.141574 140.627230 -0.031923 0.999200 0.024083 -2.035033 0.142304 -0.019306 0.989635 17.996756
0.989019 0.034492 -0.143710 141.140799 -0.031179 0.999195 0.025247 -2.063935 0.144465 -0.020489 0.989298 18.049846
0.989543 0.034311 -0.140096 141.596936 -0.031202 0.999217 0.024323 -2.065373 0.140821 -0.019697 0.989839 18.130485
0.988148 0.035339 -0.149384 142.187687 -0.031885 0.999167 0.025460 -2.087621 0.150159 -0.020396 0.988451 18.245470
0.987910 0.036081 -0.150773 142.702894 -0.032636 0.999148 0.025260 -2.111943 0.151556 -0.020034 0.988246 18.305638
0.987930 0.035687 -0.150734 143.188959 -0.032424 0.999185 0.024048 -2.108995 0.151470 -0.018870 0.988282 18.385489
0.987438 0.035885 -0.153877 143.727423 -0.032302 0.999147 0.025724 -2.147190 0.154669 -0.020431 0.987755 18.465352
0.986919 0.034143 -0.157558 144.267690 -0.030507 0.999211 0.025441 -2.159932 0.158302 -0.020302 0.987182 18.555774
0.986835 0.035985 -0.157679 144.747912 -0.032483 0.999166 0.024728 -2.172044 0.158437 -0.019280 0.987181 18.638904
0.986322 0.037326 -0.160547 145.276851 -0.033588 0.999099 0.025936 -2.205448 0.161370 -0.020188 0.986687 18.740633
0.985949 0.038942 -0.162445 145.774896 -0.035258 0.999053 0.025505 -2.227773 0.163284 -0.019419 0.986388 18.838012
0.986312 0.036515 -0.160797 146.266563 -0.032864 0.999139 0.025305 -2.219180 0.161583 -0.019674 0.986663 18.918681
0.986082 0.037582 -0.161957 146.745731 -0.034082 0.999123 0.024339 -2.224171 0.162730 -0.018481 0.986498 19.025438
0.986551 0.040484 -0.158362 147.187725 -0.037431 0.999052 0.022216 -2.222698 0.159111 -0.015990 0.987131 19.087948
0.985582 0.040254 -0.164340 147.735238 -0.036945 0.999049 0.023138 -2.246141 0.165115 -0.016733 0.986132 19.199674
0.985228 0.038673 -0.166825 148.255299 -0.035374 0.999116 0.022704 -2.253071 0.167556 -0.016467 0.985725 19.293221
0.984873 0.039466 -0.168723 148.748147 -0.036230 0.999097 0.022215 -2.261298 0.169447 -0.015766 0.985413 19.389156
0.985270 0.041227 -0.165963 149.189740 -0.038504 0.999066 0.019590 -2.243692 0.166616 -0.012911 0.985937 19.475330
0.986159 0.041828 -0.160438 149.616795 -0.039000 0.999024 0.020735 -2.282260 0.161149 -0.014191 0.986828 19.535051
0.985700 0.041404 -0.163346 150.126606 -0.038605 0.999049 0.020274 -2.294227 0.164030 -0.013678 0.986361 19.641351
0.985245 0.041073 -0.166151 150.626101 -0.038302 0.999069 0.019847 -2.302546 0.166811 -0.013190 0.985901 19.741575
0.985021 0.040973 -0.167496 151.106860 -0.038227 0.999077 0.019589 -2.315745 0.168144 -0.012893 0.985678 19.829093
