1.000000 0.000000 0.000000 0.000000 0.000000 1.000000 0.000000 0.000000 0.000000 0.000000 1.000000 0.000000
0.999997 0.002241 0.000399 0.448284 -0.002241 0.999997 0.000126 0.036116 -0.000399 -0.000127 1.000000 0.091341
0.999996 0.002992 0.000138 0.916463 -0.002992 0.999995 0.000644 0.028448 -0.000136 -0.000644 1.000000 0.183171
0.999991 0.004144 -0.000757 1.383741 -0.004141 0.999986 0.003162 -0.031022 0.000771 -0.003159 0.999995 0.232336
0.999989 0.004766 -0.000383 1.826276 -0.004764 0.999984 0.003120 -0.025103 0.000398 -0.003118 0.999995 0.254454
0.999986 0.005293 -0.000452 2.270379 -0.005292 0.999980 0.003328 -0.032994 0.000470 -0.003325 0.999994 0.299870
0.999982 0.006023 -0.000569 2.715549 -0.006020 0.999973 0.004118 -0.052423 0.000593 -0.004114 0.999991 0.340327
0.999981 0.006119 -0.001204 3.161222 -0.006113 0.999971 0.004480 -0.063817 0.001231 -0.004473 0.999989 0.384553
0.999977 0.006631 -0.001398 3.611601 -0.006624 0.999967 0.004660 -0.067260 0.001429 -0.004650 0.999988 0.420062
0.999968 0.007711 -0.001925 4.063727 -0.007700 0.999955 0.005472 -0.091080 0.001967 -0.005457 0.999983 0.460355
0.999968 0.007441 -0.002967 4.512484 -0.007428 0.999961 0.004676 -0.079819 0.003001 -0.004653 0.999985 0.450960
0.999971 0.006916 -0.003295 4.957139 -0.006902 0.999966 0.004435 -0.077208 0.003326 -0.004412 0.999985 0.485612
0.999963 0.007720 -0.003686 5.402781 -0.007700 0.999956 0.005336 -0.107335 0.003727 -0.005307 0.999979 0.499411
0.999951 0.008964 -0.004192 5.844007 -0.008939 0.999943 0.005900 -0.118014 0.004245 -0.005862 0.999974 0.532010
0.999941 0.009630 -0.005019 6.316759 -0.009597 0.999933 0.006485 -0.144292 0.005081 -0.006436 0.999966 0.533934
0.999942 0.008646 -0.006435 6.813773 -0.008607 0.999945 0.005916 -0.132000 0.006485 -0.005860 0.999962 0.514144
0.999937 0.008912 -0.006825 7.254519 -0.008869 0.999940 0.006370 -0.146914 0.006882 -0.006309 0.999956 0.543634
0.999925 0.009950 -0.007183 7.677791 -0.009899 0.999926 0.007109 -0.158380 0.007253 -0.007038 0.999949 0.602130
0.999942 0.008371 -0.006835 8.105556 -0.008330 0.999947 0.006037 -0.126700 0.006885 -0.005980 0.999958 0.600925
0.999961 0.006977 -0.005338 8.528010 -0.006952 0.999964 0.004825 -0.077574 0.005372 -0.004788 0.999974 0.858856
0.999964 0.006718 -0.005137 8.953063 -0.006696 0.999968 0.004370 -0.058389 0.005166 -0.004336 0.999977 0.915144
0.999909 0.008587 -0.010360 9.599077 -0.008505 0.999932 0.007926 -0.206629 0.010427 -0.007838 0.999915 0.568182
0.999906 0.008026 -0.011124 10.080161 -0.007946 0.999942 0.007204 -0.180170 0.011182 -0.007115 0.999912 0.629193
0.999932 0.008335 -0.008186 10.371462 -0.008271 0.999935 0.007818 -0.212167 0.008251 -0.007750 0.999936 0.920966
0.999926 0.008567 -0.008615 10.804567 -0.008497 0.999930 0.008179 -0.217872 0.008684 -0.008105 0.999929 0.947814
0.999923 0.008201 -0.009273 11.287694 -0.008132 0.999939 0.007507 -0.199270 0.009334 -0.007431 0.999929 0.923189
0.999920 0.008277 -0.009614 11.725879 -0.008203 0.999937 0.007635 -0.205589 0.009677 -0.007555 0.999925 0.971244
0.999924 0.007717 -0.009596 12.179419 -0.007651 0.999947 0.006892 -0.178963 0.009648 -0.006818 0.999930 1.012192
0.999911 0.008335 -0.010450 12.638461 -0.008258 0.999939 0.007402 -0.196750 0.010511 -0.007315 0.999918 1.024760
0.999903 0.007355 -0.011846 13.165576 -0.007281 0.999954 0.006272 -0.166383 0.011891 -0.006185 0.999910 1.025276
0.999901 0.007858 -0.011661 13.608600 -0.007779 0.999947 0.006728 -0.188444 0.011714 -0.006637 0.999909 1.053708
0.999879 0.008220 -0.013170 14.076449 -0.008125 0.999941 0.007224 -0.213175 0.013228 -0.007116 0.999887 1.051323
0.999838 0.009541 -0.015290 14.604428 -0.009410 0.999918 0.008633 -0.270153 0.015372 -0.008488 0.999846 1.015210
0.999835 0.009814 -0.015267 15.024545 -0.009681 0.999915 0.008734 -0.273730 0.015352 -0.008585 0.999845 1.082588
0.999851 0.008834 -0.014813 15.393925 -0.008721 0.999932 0.007691 -0.237508 0.014880 -0.007561 0.999861 1.135032
0.999887 0.009149 -0.011900 15.679667 -0.009057 0.999929 0.007725 -0.227393 0.011970 -0.007617 0.999899 1.438095
0.999886 0.008416 -0.012568 16.101083 -0.008328 0.999940 0.007090 -0.231688 0.012627 -0.006985 0.999896 1.477809
0.999814 0.005895 -0.018340 16.867144 -0.005813 0.999973 0.004519 -0.140168 0.018366 -0.004412 0.999822 1.313193
0.999793 0.006905 -0.019154 17.336495 -0.006778 0.999955 0.006708 -0.238910 0.019199 -0.006577 0.999794 1.347903
0.999796 0.006352 -0.019186 17.768888 -0.006243 0.999964 0.005708 -0.204960 0.019222 -0.005587 0.999800 1.419965
0.999784 0.005833 -0.019952 18.220500 -0.005726 0.999969 0.005439 -0.201534 0.019983 -0.005323 0.999786 1.453505
0.999714 0.007442 -0.022739 18.765939 -0.007275 0.999946 0.007403 -0.286493 0.022793 -0.007236 0.999714 1.484651
0.999696 0.007539 -0.023460 19.194198 -0.007371 0.999947 0.007234 -0.279858 0.023513 -0.007059 0.999699 1.483108
0.999675 0.007788 -0.024294 19.652994 -0.007607 0.999943 0.007550 -0.298475 0.024351 -0.007363 0.999676 1.529168
0.999647 0.008680 -0.025126 20.154325 -0.008446 0.999920 0.009392 -0.405117 0.025205 -0.009177 0.999640 1.697189
0.999623 0.008865 -0.025997 20.614235 -0.008611 0.999914 0.009904 -0.435613 0.026082 -0.009676 0.999613 1.719103
0.999612 0.007927 -0.026711 21.040434 -0.007715 0.999938 0.008058 -0.343142 0.026774 -0.007849 0.999611 1.676304
0.999604 0.007732 -0.027063 21.465003 -0.007524 0.999941 0.007786 -0.332217 0.027121 -0.007579 0.999603 1.740261
0.999589 0.007884 -0.027578 21.888210 -0.007665 0.999938 0.008027 -0.344536 0.027639 -0.007812 0.999587 1.821521
0.999645 0.006818 -0.025744 22.149962 -0.006672 0.999961 0.005755 -0.226498 0.025782 -0.005581 0.999652 1.985773
0.999656 0.007069 -0.025252 22.521906 -0.006921 0.999958 0.005939 -0.234796 0.025293 -0.005762 0.999663 2.094420
0.999691 0.007247 -0.023776 22.811558 -0.007111 0.999958 0.005792 -0.222746 0.023817 -0.005621 0.999701 2.240794
0.999535 0.007072 -0.029667 23.599253 -0.006901 0.999959 0.005865 -0.234699 0.029707 -0.005658 0.999543 2.164740
0.999539 0.007205 -0.029506 23.995387 -0.007029 0.999957 0.006035 -0.247985 0.029549 -0.005825 0.999546 2.230327
0.999568 0.007656 -0.028367 24.377500 -0.007486 0.999953 0.006082 -0.243591 0.028412 -0.005867 0.999579 2.443885
0.999549 0.007940 -0.028962 24.814064 -0.007763 0.999950 0.006244 -0.254156 0.029010 -0.006016 0.999561 2.567818
0.999543 0.007975 -0.029142 25.232851 -0.007797 0.999950 0.006216 -0.256109 0.029190 -0.005986 0.999556 2.681344
0.999550 0.007286 -0.029114 25.669402 -0.007119 0.999957 0.005862 -0.254691 0.029155 -0.005652 0.999559 2.669048
0.999554 0.008165 -0.028737 26.062435 -0.007916 0.999930 0.008793 -0.420073 0.028807 -0.008562 0.999548 2.477249
0.999553 0.004984 -0.029489 26.473711 -0.004872 0.999981 0.003859 -0.181500 0.029508 -0.003714 0.999558 2.774447
0.999591 0.005737 -0.028004 26.770478 -0.005585 0.999969 0.005517 -0.271464 0.028035 -0.005359 0.999593 2.941915
0.999566 0.005408 -0.028945 27.229522 -0.005252 0.999971 0.005470 -0.282384 0.028974 -0.005316 0.999566 2.986722
0.999596 0.005246 -0.027947 27.572242 -0.005098 0.999973 0.005341 -0.284244 0.027974 -0.005196 0.999595 3.142132
0.999625 0.004700 -0.026978 27.914214 -0.004567 0.999977 0.004998 -0.272726 0.027001 -0.004873 0.999624 3.254980
0.999624 0.005443 -0.026870 28.308298 -0.005279 0.999967 0.006185 -0.346569 0.026903 -0.006041 0.999620 3.599069
0.999464 0.006736 -0.032040 28.964506 -0.006538 0.999959 0.006277 -0.331907 0.032081 -0.006064 0.999467 3.113857
0.999328 0.006731 -0.036038 29.664907 -0.006511 0.999959 0.006217 -0.332472 0.036078 -0.005978 0.999331 2.940879
0.999343 0.006576 -0.035655 30.120281 -0.006371 0.999962 0.005879 -0.313964 0.035692 -0.005648 0.999347 2.775634
0.999336 0.006528 -0.035849 30.487239 -0.006328 0.999964 0.005703 -0.311806 0.035885 -0.005473 0.999341 2.982167
0.999393 0.006326 -0.034247 30.810469 -0.006137 0.999965 0.005601 -0.307115 0.034281 -0.005388 0.999398 3.003151
0.999364 0.006348 -0.035090 31.184735 -0.006166 0.999967 0.005297 -0.296652 0.035123 -0.005077 0.999370 3.234316
0.999292 0.006684 -0.037026 31.715986 -0.006488 0.999964 0.005409 -0.308412 0.037061 -0.005165 0.999300 3.186902
0.999301 0.006546 -0.036815 31.991117 -0.006363 0.999967 0.005098 -0.289510 0.036847 -0.004860 0.999309 3.452777
0.999290 0.006546 -0.037091 32.398622 -0.006361 0.999967 0.005094 -0.293326 0.037123 -0.004855 0.999299 3.447505
0.999316 0.006743 -0.036351 32.696998 -0.006558 0.999965 0.005191 -0.299330 0.036385 -0.004949 0.999326 3.662393
0.999324 0.006957 -0.036110 33.096088 -0.006769 0.999963 0.005313 -0.308536 0.036145 -0.005065 0.999334 3.661099
0.999349 0.007137 -0.035360 33.470144 -0.006957 0.999962 0.005220 -0.311673 0.035396 -0.004970 0.999361 3.688765
0.999327 0.007026 -0.035989 33.835078 -0.006815 0.999959 0.005978 -0.363291 0.036030 -0.005729 0.999334 3.884790
0.999266 0.007403 -0.037583 34.342031 -0.007140 0.999949 0.007131 -0.415471 0.037634 -0.006858 0.999268 3.755598
0.999264 0.007094 -0.037701 34.737935 -0.006909 0.999963 0.005043 -0.311665 0.037735 -0.004779 0.999276 3.860542
0.999223 0.007084 -0.038769 35.188629 -0.006888 0.999963 0.005166 -0.319943 0.038804 -0.004895 0.999235 3.880613
0.999258 0.006330 -0.037998 35.472032 -0.006199 0.999974 0.003567 -0.227988 0.038019 -0.003328 0.999271 4.038787
0.999240 0.006401 -0.038457 35.947318 -0.006258 0.999973 0.003820 -0.248580 0.038481 -0.003577 0.999253 3.991397
0.999119 0.005577 -0.041606 36.601227 -0.005388 0.999975 0.004646 -0.282279 0.041631 -0.004418 0.999123 3.830039
0.999124 0.005324 -0.041500 37.002358 -0.005132 0.999976 0.004731 -0.277085 0.041524 -0.004513 0.999127 3.866552
0.999282 0.005320 -0.037520 36.945521 -0.005177 0.999979 0.003904 -0.231955 0.037540 -0.003707 0.999288 4.286839
0.999346 0.006125 -0.035639 37.083081 -0.005966 0.999972 0.004578 -0.284950 0.035666 -0.004362 0.999354 4.536706
0.999365 0.005591 -0.035186 37.518584 -0.005440 0.999976 0.004396 -0.274214 0.035210 -0.004202 0.999371 4.482996
0.999233 0.005756 -0.038732 38.155147 -0.005584 0.999974 0.004548 -0.291878 0.038757 -0.004329 0.999239 4.453021
0.999236 0.005347 -0.038722 38.540039 -0.005176 0.999976 0.004513 -0.281921 0.038745 -0.004309 0.999240 4.502400
0.999220 0.004908 -0.039176 38.978834 -0.004736 0.999979 0.004468 -0.275099 0.039197 -0.004279 0.999222 4.505662
0.998832 0.007478 -0.047738 40.444238 -0.007230 0.999959 0.005368 -0.408037 0.047776 -0.005017 0.998845 3.842040
0.998668 0.004026 -0.051435 41.198317 -0.003721 0.999975 0.006036 -0.380179 0.051458 -0.005837 0.998658 3.549152
0.998633 0.003766 -0.052130 41.722737 -0.003387 0.999967 0.007351 -0.452649 0.052156 -0.007164 0.998613 3.500841
0.998690 0.004091 -0.051010 42.210225 -0.003738 0.999968 0.007015 -0.446569 0.051037 -0.006815 0.998674 3.303568
0.998591 0.003986 -0.052914 42.732488 -0.003637 0.999971 0.006687 -0.434921 0.052939 -0.006485 0.998577 3.390207
0.998333 0.004007 -0.057585 43.331928 -0.003647 0.999973 0.006359 -0.422367 0.057609 -0.006138 0.998320 3.548811
0.998248 0.004021 -0.059027 43.844548 -0.003622 0.999970 0.006865 -0.444694 0.059053 -0.006640 0.998233 3.548762
0.998263 0.004703 -0.058724 44.255239 -0.004249 0.999960 0.007862 -0.509968 0.058758 -0.007599 0.998243 3.542319
0.998004 0.004487 -0.062998 44.844773 -0.004063 0.999968 0.006861 -0.459109 0.063026 -0.006591 0.997990 3.701909
0.998032 0.005274 -0.062482 45.330198 -0.004862 0.999965 0.006737 -0.478498 0.062515 -0.006420 0.998023 3.665122
0.998016 0.005610 -0.062703 45.824872 -0.005162 0.999960 0.007317 -0.528036 0.062741 -0.006979 0.998005 3.596893
0.997730 0.004965 -0.067154 46.420588 -0.004458 0.999960 0.007708 -0.529202 0.067189 -0.007392 0.997713 3.757014
0.997713 -0.001857 -0.067562 46.999285 0.002305 0.999976 0.006555 -0.278617 0.067549 -0.006696 0.997694 3.602877
0.998166 -0.003825 -0.060408 46.753948 0.004168 0.999976 0.005550 -0.173481 0.060386 -0.005791 0.998158 3.770374
0.998117 -0.001501 -0.061313 47.201141 0.001921 0.999975 0.006795 -0.297595 0.061301 -0.006900 0.998095 3.824979
0.998085 -0.002372 -0.061817 47.676234 0.002812 0.999971 0.007037 -0.293981 0.061799 -0.007197 0.998063 3.869070
0.998025 -0.001401 -0.062801 48.186751 0.001977 0.999957 0.009106 -0.409989 0.062785 -0.009212 0.997985 3.813708
0.997992 -0.003012 -0.063262 48.658506 0.003481 0.999967 0.007316 -0.295286 0.063238 -0.007522 0.997970 3.804560
0.997904 -0.003342 -0.064621 49.152655 0.003841 0.999964 0.007610 -0.294444 0.064593 -0.007842 0.997881 3.847007
0.997907 -0.003795 -0.064547 49.605433 0.004357 0.999954 0.008579 -0.317958 0.064512 -0.008842 0.997878 3.856859
0.997732 -0.003201 -0.067236 50.098528 0.003727 0.999963 0.007704 -0.285923 0.067209 -0.007937 0.997707 3.984886
0.997697 -0.004032 -0.067713 50.573330 0.004599 0.999956 0.008215 -0.284281 0.067677 -0.008508 0.997671 3.993058
0.997612 -0.003692 -0.068968 51.063895 0.004207 0.999964 0.007318 -0.235066 0.068939 -0.007591 0.997592 4.059846
0.997565 -0.002948 -0.069678 51.527183 0.003447 0.999969 0.007049 -0.228616 0.069655 -0.007272 0.997545 4.102279
0.997434 -0.005213 -0.071398 52.009028 0.005835 0.999947 0.008499 -0.236981 0.071350 -0.008894 0.997412 4.144760
0.997366 -0.005092 -0.072360 52.460600 0.005701 0.999950 0.008210 -0.224895 0.072314 -0.008600 0.997345 4.209461
0.997371 -0.004766 -0.072311 52.920541 0.005357 0.999954 0.007989 -0.225259 0.072270 -0.008355 0.997350 4.249715
0.997414 -0.004251 -0.071751 53.403186 0.004872 0.999952 0.008477 -0.233686 0.071711 -0.008804 0.997387 4.258763
0.997409 -0.004819 -0.071775 53.871287 0.005500 0.999942 0.009289 -0.240708 0.071726 -0.009660 0.997378 4.289485
0.997321 -0.004964 -0.072976 54.323639 0.005605 0.999948 0.008573 -0.226523 0.072929 -0.008959 0.997297 4.357328
0.997517 -0.003525 -0.070336 54.754893 0.004206 0.999946 0.009535 -0.232984 0.070298 -0.009807 0.997478 4.401669
0.997243 -0.002110 -0.074171 55.277195 0.002995 0.999926 0.011831 -0.255643 0.074141 -0.012021 0.997175 4.395545
0.997597 -0.001203 -0.069274 55.691092 0.002041 0.999926 0.012026 -0.246793 0.069254 -0.012138 0.997525 4.439159
0.997336 -0.002060 -0.072916 56.188996 0.002881 0.999934 0.011148 -0.242756 0.072888 -0.011329 0.997276 4.469241
0.997084 -0.004356 -0.076183 56.692129 0.005168 0.999932 0.010458 -0.240005 0.076132 -0.010822 0.997039 4.495776
0.997036 -0.004714 -0.076797 57.160601 0.005548 0.999928 0.010656 -0.234521 0.076741 -0.011051 0.996990 4.537122
0.996984 -0.004493 -0.077482 57.629858 0.005372 0.999924 0.011140 -0.236184 0.077426 -0.011523 0.996932 4.579001
0.997083 -0.003891 -0.076220 58.079173 0.004720 0.999932 0.010698 -0.227783 0.076174 -0.011027 0.997034 4.616347
0.996792 -0.004435 -0.079919 58.574882 0.005300 0.999930 0.010614 -0.214474 0.079866 -0.011004 0.996745 4.675679
0.996874 -0.003536 -0.078927 59.030507 0.004306 0.999945 0.009578 -0.213020 0.078889 -0.009888 0.996834 4.706430
0.996826 -0.003877 -0.079516 59.502988 0.004585 0.999951 0.008720 -0.206109 0.079479 -0.009057 0.996795 4.738042
0.996623 -0.001693 -0.082091 59.967795 0.002400 0.999961 0.008516 -0.210084 0.082073 -0.008684 0.996588 4.797295
0.996603 0.001333 -0.082347 60.406718 -0.000699 0.999970 0.007730 -0.209171 0.082355 -0.007646 0.996574 4.840275
0.996655 -0.001361 -0.081718 60.856414 0.002053 0.999963 0.008384 -0.202952 0.081703 -0.008523 0.996620 4.891647
0.996673 -0.000781 -0.081495 61.305804 0.001390 0.999972 0.007416 -0.195153 0.081487 -0.007505 0.996646 4.932653
0.996429 -0.001986 -0.084413 61.781130 0.002599 0.999971 0.007152 -0.184358 0.084397 -0.007345 0.996405 4.979370
0.996557 0.000419 -0.082915 62.217083 0.000075 0.999982 0.005944 -0.177181 0.082916 -0.005930 0.996539 5.027474
0.996440 0.000127 -0.084302 62.662473 0.000300 0.999987 0.005055 -0.161360 0.084302 -0.005062 0.996427 5.087927
0.996411 -0.000288 -0.084649 63.106287 0.000813 0.999981 0.006176 -0.175199 0.084646 -0.006222 0.996392 5.136479
0.996468 0.000243 -0.083978 63.548146 0.000211 0.999985 0.005398 -0.168771 0.083978 -0.005397 0.996453 5.174967
0.996425 0.001047 -0.084473 63.990526 -0.000636 0.999988 0.004900 -0.157916 0.084478 -0.004828 0.996414 5.244143
0.996479 0.002359 -0.083815 64.409381 -0.001965 0.999987 0.004788 -0.148121 0.083826 -0.004606 0.996470 5.303601
0.996388 0.001389 -0.084906 64.848342 -0.001019 0.999990 0.004405 -0.141369 0.084911 -0.004303 0.996379 5.358949
0.996254 0.000730 -0.086472 65.288100 -0.000435 0.999994 0.003431 -0.131976 0.086474 -0.003381 0.996248 5.419183
0.996418 0.002048 -0.084537 65.712136 -0.001740 0.999992 0.003717 -0.137714 0.084544 -0.003556 0.996413 5.450394
0.996458 0.001799 -0.084078 66.151331 -0.001478 0.999991 0.003873 -0.133894 0.084085 -0.003735 0.996452 5.480981
0.996463 0.001559 -0.084018 66.571888 -0.001195 0.999990 0.004382 -0.133952 0.084024 -0.004266 0.996455 5.528873
0.996594 0.000358 -0.082462 67.007415 0.000152 0.999981 0.006169 -0.150721 0.082462 -0.006160 0.996575 5.541639
0.996504 -0.000481 -0.083547 67.453236 0.000942 0.999985 0.005480 -0.151638 0.083543 -0.005540 0.996489 5.565902
0.996496 -0.001586 -0.083619 67.852131 0.001969 0.999988 0.004495 -0.136660 0.083611 -0.004644 0.996488 5.641219
0.996548 0.000164 -0.083018 68.289563 0.000266 0.999987 0.005164 -0.149746 0.083018 -0.005169 0.996535 5.653273
0.996555 -0.000129 -0.082929 68.718943 0.000575 0.999985 0.005356 -0.148545 0.082927 -0.005385 0.996541 5.689959
0.996511 0.000568 -0.083459 69.151531 -0.000214 0.999991 0.004260 -0.144394 0.083461 -0.004228 0.996502 5.733005
0.996555 0.001761 -0.082917 69.549403 -0.001438 0.999991 0.003962 -0.140955 0.082923 -0.003829 0.996549 5.792449
0.996532 0.000090 -0.083213 69.992681 0.000305 0.999989 0.004735 -0.148773 0.083213 -0.004744 0.996520 5.757319
0.996427 0.000182 -0.084462 70.482755 0.000208 0.999989 0.004607 -0.149912 0.084462 -0.004608 0.996416 5.851775
0.996382 0.000613 -0.084981 70.916161 -0.000198 0.999988 0.004888 -0.156511 0.084983 -0.004854 0.996371 5.895848
0.996349 0.000964 -0.085372 71.407756 -0.000568 0.999989 0.004665 -0.146377 0.085376 -0.004600 0.996338 5.883139
0.996275 0.000572 -0.086230 71.847298 -0.000197 0.999991 0.004350 -0.139404 0.086232 -0.004316 0.996266 5.969715
0.996270 0.001116 -0.086287 72.363607 -0.000788 0.999992 0.003830 -0.127667 0.086291 -0.003748 0.996263 5.940941
0.996372 0.000358 -0.085108 72.774467 -0.000003 0.999991 0.004165 -0.139172 0.085109 -0.004149 0.996363 5.996266
0.996290 0.000326 -0.086057 73.250399 0.000166 0.999984 0.005717 -0.173458 0.086057 -0.005710 0.996274 6.026647
0.996281 0.000854 -0.086157 73.692738 -0.000420 0.999987 0.005055 -0.163099 0.086160 -0.005000 0.996269 6.083695
0.996224 0.000901 -0.086812 74.163033 -0.000461 0.999987 0.005080 -0.161208 0.086815 -0.005021 0.996212 6.124154
0.996285 0.001221 -0.086113 74.622574 -0.000769 0.999986 0.005281 -0.164165 0.086118 -0.005195 0.996271 6.168957
0.996160 0.001101 -0.087540 75.092609 -0.000651 0.999986 0.005167 -0.166803 0.087545 -0.005090 0.996148 6.212748
0.996077 0.001651 -0.088475 75.529026 -0.001345 0.999993 0.003519 -0.140597 0.088481 -0.003387 0.996072 6.301154
0.995932 -0.000146 -0.090110 76.002923 0.000450 0.999994 0.003347 -0.127554 0.090109 -0.003374 0.995926 6.330197
0.995925 0.000920 -0.090178 76.504241 -0.000535 0.999991 0.004294 -0.142612 0.090181 -0.004228 0.995916 6.331753
0.996231 0.001076 -0.086737 76.863340 -0.000819 0.999995 0.003002 -0.124158 0.086740 -0.002920 0.996227 6.430072
0.995985 0.002832 -0.089474 77.335221 -0.002501 0.999990 0.003813 -0.139171 0.089484 -0.003574 0.995982 6.476359
0.995932 0.003215 -0.090055 77.789488 -0.002858 0.999988 0.004091 -0.141339 0.090067 -0.003817 0.995928 6.516024
0.995960 0.005818 -0.089610 78.238294 -0.005379 0.999972 0.005133 -0.155947 0.089638 -0.004631 0.995964 6.540198
0.995976 0.001374 -0.089607 78.693946 -0.001052 0.999993 0.003645 -0.149577 0.089611 -0.003536 0.995971 6.573912
0.995959 0.001232 -0.089799 79.134035 -0.000906 0.999993 0.003675 -0.154338 0.089803 -0.003579 0.995953 6.628290
0.995943 0.002201 -0.089959 79.552250 -0.001892 0.999992 0.003513 -0.153742 0.089967 -0.003328 0.995939 6.689198
0.996058 0.003450 -0.088639 79.975885 -0.003186 0.999990 0.003122 -0.137652 0.088649 -0.002827 0.996059 6.734150
0.995969 0.004633 -0.089578 80.419659 -0.004400 0.999986 0.002802 -0.132164 0.089590 -0.002396 0.995976 6.767514
0.995958 0.003577 -0.089744 80.865039 -0.003378 0.999991 0.002374 -0.119940 0.089752 -0.002062 0.995962 6.839092
0.996068 0.004845 -0.088460 81.304298 -0.004672 0.999987 0.002161 -0.118106 0.088469 -0.001740 0.996077 6.849463
0.995901 0.002487 -0.090414 81.769244 -0.002232 0.999993 0.002911 -0.139597 0.090420 -0.002698 0.995900 6.825362
0.996119 0.000842 -0.088017 82.179693 -0.000593 0.999996 0.002852 -0.139596 0.088019 -0.002789 0.996115 6.873104
0.996188 0.000641 -0.087226 82.626477 -0.000366 0.999995 0.003168 -0.157276 0.087228 -0.003124 0.996183 6.898727
0.996254 -0.000104 -0.086476 83.070017 0.000392 0.999994 0.003310 -0.159793 0.086475 -0.003331 0.996248 6.932298
0.996277 0.000160 -0.086212 83.514731 0.000292 0.999986 0.005226 -0.179152 0.086211 -0.005232 0.996263 6.954377
0.996069 0.000248 -0.088580 83.972038 0.000158 0.999989 0.004583 -0.169474 0.088580 -0.004579 0.996059 7.017111
0.996069 0.001073 -0.088571 84.422655 -0.000669 0.999989 0.004594 -0.171636 0.088575 -0.004517 0.996059 7.052714
0.996036 0.000145 -0.088955 84.838912 0.000158 0.999994 0.003396 -0.152029 0.088955 -0.003397 0.996030 7.125655
0.996130 0.000795 -0.087886 85.262721 -0.000554 0.999996 0.002771 -0.151280 0.087888 -0.002711 0.996127 7.167538
0.996192 0.000893 -0.087186 85.702604 -0.000628 0.999995 0.003068 -0.147050 0.087188 -0.003002 0.996187 7.207143
0.996081 0.000958 -0.088444 86.158324 -0.000749 0.999997 0.002390 -0.140300 0.088446 -0.002314 0.996078 7.254598
0.996108 0.000949 -0.088137 86.598035 -0.000732 0.999997 0.002502 -0.142066 0.088139 -0.002428 0.996105 7.296420
0.996226 0.002147 -0.086771 87.014283 -0.001900 0.999994 0.002925 -0.149315 0.086776 -0.002749 0.996224 7.310057
0.996327 0.003847 -0.085549 87.439072 -0.003549 0.999987 0.003628 -0.165922 0.085561 -0.003311 0.996327 7.336143
0.996521 0.006504 -0.083085 87.839132 -0.006368 0.999978 0.001898 -0.153676 0.083095 -0.001362 0.996541 7.403162
0.996509 0.005782 -0.083284 88.269807 -0.005626 0.999982 0.002110 -0.159365 0.083294 -0.001634 0.996524 7.425964
0.996993 0.006713 -0.077194 88.652298 -0.006550 0.999976 0.002359 -0.158312 0.077208 -0.001847 0.997013 7.441165
0.996701 0.005164 -0.080992 89.138605 -0.004864 0.999981 0.003896 -0.175478 0.081011 -0.003489 0.996707 7.466385
0.996848 0.003667 -0.079249 89.561757 -0.003463 0.999990 0.002708 -0.159807 0.079259 -0.002425 0.996851 7.487995
0.996718 0.004138 -0.080847 89.999556 -0.003981 0.999990 0.002103 -0.166653 0.080855 -0.001775 0.996724 7.544352
0.996641 0.004074 -0.081794 90.443486 -0.004028 0.999992 0.000725 -0.155558 0.081796 -0.000393 0.996649 7.623251
0.996658 0.001785 -0.081664 90.918537 -0.001750 0.999998 0.000500 -0.135823 0.081664 -0.000356 0.996660 7.598004
0.996637 0.003874 -0.081848 91.357767 -0.003769 0.999992 0.001432 -0.166964 0.081853 -0.001119 0.996644 7.636000
0.996642 0.003834 -0.081797 91.813505 -0.003692 0.999991 0.001881 -0.182301 0.081803 -0.001572 0.996647 7.654573
0.996675 0.003447 -0.081409 92.266210 -0.003195 0.999990 0.003225 -0.195938 0.081419 -0.002954 0.996676 7.672952
0.996687 0.003724 -0.081252 92.709496 -0.003491 0.999989 0.003016 -0.194868 0.081262 -0.002723 0.996689 7.717183
0.996714 0.002125 -0.080979 93.148995 -0.001936 0.999995 0.002410 -0.182232 0.080984 -0.002245 0.996713 7.759928
0.996608 0.002490 -0.082261 93.648333 -0.002205 0.999991 0.003553 -0.213144 0.082270 -0.003360 0.996604 7.732074
0.996559 0.002922 -0.082837 94.118969 -0.002605 0.999989 0.003927 -0.212140 0.082848 -0.003698 0.996555 7.760334
0.996567 0.003014 -0.082733 94.582611 -0.002626 0.999985 0.004791 -0.226086 0.082746 -0.004557 0.996560 7.787346
0.996387 0.002105 -0.084899 95.102526 -0.001656 0.999984 0.005352 -0.256106 0.084909 -0.005192 0.996375 7.781672
0.996266 0.001890 -0.086312 95.578573 -0.001452 0.999986 0.005138 -0.244991 0.086320 -0.004993 0.996255 7.828330
0.996382 0.002991 -0.084940 96.034694 -0.002622 0.999987 0.004458 -0.235540 0.084952 -0.004219 0.996376 7.838156
0.996291 0.004604 -0.085926 96.508299 -0.004167 0.999977 0.005261 -0.251431 0.085949 -0.004883 0.996288 7.867851
0.996318 0.004790 -0.085595 96.982515 -0.004378 0.999978 0.005005 -0.248068 0.085617 -0.004611 0.996317 7.927123
0.996336 0.005433 -0.085349 97.471442 -0.005000 0.999974 0.005283 -0.254091 0.085375 -0.004837 0.996337 7.973046
0.996225 0.005254 -0.086651 97.964884 -0.004723 0.999969 0.006339 -0.268709 0.086682 -0.005905 0.996219 8.003843
0.995932 0.005704 -0.089924 98.480096 -0.005176 0.999968 0.006102 -0.280007 0.089956 -0.005612 0.995930 8.031614
0.995919 0.006774 -0.089994 98.960532 -0.006287 0.999964 0.005696 -0.277220 0.090030 -0.005107 0.995926 8.052421
0.995941 0.007532 -0.089688 99.429938 -0.007071 0.999960 0.005458 -0.272841 0.089725 -0.004802 0.995955 8.102339
0.995869 0.008284 -0.090428 99.930183 -0.007865 0.999957 0.004989 -0.264130 0.090465 -0.004257 0.995891 8.139316
0.995709 0.010543 -0.091938 100.434907 -0.010282 0.999942 0.003311 -0.232770 0.091968 -0.002351 0.995759 8.139095
0.995515 0.010008 -0.094072 100.933213 -0.009740 0.999947 0.003299 -0.236752 0.094100 -0.002368 0.995560 8.215409
0.995301 0.010334 -0.096279 101.422574 -0.010061 0.999944 0.003321 -0.245619 0.096308 -0.002337 0.995349 8.319735
0.995250 0.009644 -0.096878 101.889463 -0.009328 0.999950 0.003713 -0.247477 0.096909 -0.002792 0.995289 8.341848
0.994866 0.009704 -0.100733 102.449970 -0.009459 0.999951 0.002907 -0.231918 0.100757 -0.001940 0.994909 8.446053
0.995148 0.008798 -0.097996 102.879512 -0.008336 0.999952 0.005126 -0.265505 0.098036 -0.004285 0.995174 8.372344
0.995108 0.009195 -0.098367 103.354737 -0.008694 0.999947 0.005521 -0.294027 0.098412 -0.004639 0.995135 8.430692
0.994876 0.008622 -0.100734 103.864002 -0.008079 0.999951 0.005804 -0.297027 0.100779 -0.004961 0.994896 8.476141
0.994984 0.008399 -0.099677 104.333851 -0.007906 0.999954 0.005338 -0.294201 0.099717 -0.004524 0.995006 8.526135
0.994651 0.008446 -0.102943 104.838115 -0.008000 0.999957 0.004743 -0.281383 0.102979 -0.003894 0.994676 8.604927
0.994542 0.009172 -0.103932 105.330400 -0.008784 0.999953 0.004196 -0.273028 0.103965 -0.003260 0.994576 8.680229
0.994443 0.008423 -0.104940 105.831054 -0.007955 0.999956 0.004886 -0.287515 0.104977 -0.004024 0.994467 8.719168
0.994251 0.008198 -0.106760 106.342347 -0.007588 0.999953 0.006116 -0.303852 0.106805 -0.005271 0.994266 8.757588
0.994251 0.008940 -0.106701 106.831846 -0.008389 0.999949 0.005606 -0.308624 0.106746 -0.004679 0.994275 8.801171
0.994479 0.011298 -0.104328 107.282346 -0.010864 0.999930 0.004732 -0.298285 0.104374 -0.003573 0.994532 8.873218
0.994137 0.011109 -0.107558 107.799757 -0.010551 0.999928 0.005751 -0.319090 0.107615 -0.004582 0.994182 8.914047
0.993950 0.010789 -0.109301 108.291391 -0.010212 0.999931 0.005833 -0.320231 0.109356 -0.004681 0.993992 8.986677
0.994034 0.010482 -0.108563 108.752806 -0.009866 0.999932 0.006213 -0.318701 0.108621 -0.005104 0.994070 9.054029
0.993702 0.009776 -0.111632 109.258872 -0.009229 0.999943 0.005419 -0.311188 0.111679 -0.004355 0.993735 9.132940
0.993913 0.009325 -0.109775 109.686890 -0.008913 0.999951 0.004243 -0.289814 0.109809 -0.003239 0.993947 9.217629
0.994567 0.013338 -0.103236 110.062702 -0.013110 0.999910 0.002888 -0.282066 0.103266 -0.001519 0.994653 9.276762
0.994565 0.013002 -0.103299 110.509557 -0.012984 0.999915 0.000844 -0.267453 0.103302 0.000501 0.994650 9.347130
0.994935 0.014653 -0.099449 110.928021 -0.014567 0.999893 0.001591 -0.274806 0.099462 -0.000134 0.995041 9.394460
0.995160 0.016664 -0.096844 111.349354 -0.016574 0.999861 0.001728 -0.268353 0.096859 -0.000115 0.995298 9.458535
0.994951 0.015264 -0.099193 111.839903 -0.015098 0.999883 0.002426 -0.284231 0.099219 -0.000916 0.995065 9.497179
0.994698 0.013958 -0.101884 112.325483 -0.013848 0.999903 0.001786 -0.289269 0.101899 -0.000366 0.994795 9.569964
0.994781 0.013555 -0.101131 112.848853 -0.013352 0.999907 0.002681 -0.313489 0.101158 -0.001317 0.994869 9.549443
0.994951 0.012629 -0.099559 113.238155 -0.012397 0.999919 0.002958 -0.320577 0.099589 -0.001709 0.995027 9.599223
0.995178 0.014371 -0.097026 113.676415 -0.014133 0.999895 0.003140 -0.341352 0.097061 -0.001754 0.995277 9.613714
0.995118 0.013959 -0.097703 114.136698 -0.013716 0.999901 0.003154 -0.348904 0.097737 -0.001799 0.995211 9.680496
0.995323 0.013160 -0.095698 114.612398 -0.012729 0.999906 0.005116 -0.385768 0.095756 -0.003874 0.995397 9.633720
0.995365 0.014693 -0.095043 115.086649 -0.014376 0.999889 0.004019 -0.385550 0.095091 -0.002634 0.995465 9.667206
0.995468 0.014008 -0.094064 115.542287 -0.013614 0.999896 0.004830 -0.394149 0.094122 -0.003527 0.995554 9.724165
0.995390 0.016948 -0.094406 116.000329 -0.016739 0.999855 0.003001 -0.387322 0.094443 -0.001407 0.995529 9.776416
0.995536 0.015867 -0.093035 116.478892 -0.015429 0.999866 0.005419 -0.423442 0.093109 -0.003960 0.995648 9.790303
0.995376 0.015995 -0.094718 116.956867 -0.015614 0.999867 0.004764 -0.422716 0.094782 -0.003263 0.995493 9.853481
0.995528 0.015227 -0.093227 117.428264 -0.014740 0.999874 0.005908 -0.439631 0.093305 -0.004508 0.995627 9.864482
0.995460 0.014082 -0.094137 117.896861 -0.013644 0.999893 0.005292 -0.430176 0.094201 -0.003984 0.995545 9.943095
0.994771 0.015329 -0.100976 118.422361 -0.014512 0.999856 0.008824 -0.463750 0.101097 -0.007312 0.994850 10.009699
0.994964 0.014611 -0.099162 118.870122 -0.013987 0.999878 0.006983 -0.451959 0.099252 -0.005561 0.995047 10.066037
0.995060 0.014842 -0.098159 119.335818 -0.014344 0.999880 0.005778 -0.452210 0.098233 -0.004342 0.995154 10.109799
0.994948 0.015052 -0.099259 119.809969 -0.014633 0.999881 0.004946 -0.446586 0.099321 -0.003468 0.995049 10.175647
0.994837 0.015109 -0.100352 120.288506 -0.014651 0.999879 0.005296 -0.456717 0.100420 -0.003798 0.994938 10.209473
0.994950 0.014582 -0.099307 120.762692 -0.014144 0.999887 0.005118 -0.460475 0.099371 -0.003688 0.995044 10.248135
0.994831 0.013275 -0.100671 121.227080 -0.012818 0.999904 0.005179 -0.455270 0.100730 -0.003862 0.994906 10.319735
0.994980 0.016021 -0.098782 121.635355 -0.015881 0.999871 0.002202 -0.445707 0.098804 -0.000622 0.995107 10.395585
0.995029 0.016717 -0.098169 122.078296 -0.016451 0.999858 0.003516 -0.453180 0.098214 -0.001884 0.995164 10.457203
0.995334 0.017566 -0.094872 122.499868 -0.017434 0.999846 0.002226 -0.447880 0.094897 -0.000562 0.995487 10.505917
0.995191 0.017618 -0.096354 122.969442 -0.017585 0.999845 0.001196 -0.452040 0.096361 0.000504 0.995346 10.563282
0.995143 0.016714 -0.097007 123.416819 -0.016778 0.999859 0.000160 -0.448968 0.096996 0.001468 0.995284 10.615290
0.995155 0.016926 -0.096849 123.910415 -0.016756 0.999856 0.002572 -0.488372 0.096878 -0.000937 0.995296 10.627796
0.994920 0.016538 -0.099306 124.364862 -0.016409 0.999863 0.002111 -0.491973 0.099327 -0.000471 0.995055 10.711005
0.994808 0.017853 -0.100193 124.815569 -0.017699 0.999840 0.002428 -0.497536 0.100220 -0.000642 0.994965 10.776333
0.994910 0.017554 -0.099229 125.268574 -0.017389 0.999846 0.002522 -0.508569 0.099258 -0.000783 0.995061 10.785490
0.994880 0.016195 -0.099755 125.738489 -0.016028 0.999868 0.002474 -0.513234 0.099782 -0.000862 0.995009 10.857722
0.994911 0.014510 -0.099705 126.188342 -0.014405 0.999895 0.001770 -0.518084 0.099720 -0.000325 0.995015 10.890676
0.994922 0.013883 -0.099690 126.634382 -0.013816 0.999904 0.001364 -0.518201 0.099699 0.000021 0.995018 10.948478
0.994884 0.014331 -0.100004 127.084810 -0.014280 0.999897 0.001226 -0.521957 0.100012 0.000208 0.994986 10.999276
0.994861 0.014400 -0.100225 127.543857 -0.014218 0.999896 0.002530 -0.538218 0.100251 -0.001092 0.994962 11.027532
0.994860 0.014015 -0.100287 127.996092 -0.013821 0.999901 0.002627 -0.542243 0.100314 -0.001227 0.994955 11.081064
0.994681 0.015853 -0.101778 128.464164 -0.015593 0.999873 0.003354 -0.563772 0.101818 -0.001749 0.994801 11.103981
0.994629 0.015124 -0.102391 128.917852 -0.014912 0.999885 0.002838 -0.566920 0.102422 -0.001296 0.994740 11.142949
0.994766 0.013747 -0.101251 129.339850 -0.013620 0.999905 0.001943 -0.555197 0.101268 -0.000553 0.994859 11.229224
0.994815 0.013524 -0.100794 129.759824 -0.013484 0.999909 0.001081 -0.549559 0.100800 0.000284 0.994907 11.297070
0.994747 0.011489 -0.101716 130.195409 -0.011511 0.999934 0.000369 -0.537670 0.101714 0.000804 0.994813 11.367461
0.994791 0.012788 -0.101134 130.620910 -0.012817 0.999918 0.000362 -0.539576 0.101131 0.000936 0.994873 11.431919
0.994731 0.013535 -0.101626 131.057467 -0.013556 0.999908 0.000480 -0.551890 0.101623 0.000900 0.994823 11.485420
0.994744 0.014897 -0.101307 131.471391 -0.014949 0.999888 0.000244 -0.561144 0.101299 0.001271 0.994855 11.560179
0.994822 0.013436 -0.100744 131.917133 -0.013561 0.999908 -0.000557 -0.553088 0.100727 0.001920 0.994912 11.600637
0.994659 0.013442 -0.102335 132.380659 -0.013495 0.999909 0.000168 -0.571841 0.102327 0.001214 0.994750 11.624995
0.994589 0.013149 -0.103051 132.858389 -0.013217 0.999913 0.000021 -0.585344 0.103042 0.001341 0.994676 11.653023
0.994582 0.014120 -0.102996 133.302403 -0.014196 0.999899 -0.000005 -0.578962 0.102986 0.001467 0.994682 11.700578
0.994465 0.014910 -0.104004 133.760456 -0.015005 0.999887 -0.000125 -0.580817 0.103991 0.001685 0.994577 11.729940
0.994364 0.016333 -0.104755 134.203716 -0.016471 0.999864 -0.000447 -0.591040 0.104734 0.002170 0.994498 11.738527
0.994436 0.015068 -0.104255 134.651072 -0.015288 0.999882 -0.001319 -0.580642 0.104222 0.002905 0.994550 11.818969
0.994481 0.013850 -0.103995 135.090788 -0.014104 0.999899 -0.001707 -0.585695 0.103961 0.003164 0.994576 11.883193
0.994623 0.014087 -0.102601 135.515508 -0.014317 0.999896 -0.001505 -0.592750 0.102570 0.002966 0.994721 11.915550
0.994516 0.013273 -0.103738 135.991128 -0.013565 0.999906 -0.002110 -0.594174 0.103700 0.003506 0.994602 12.010192
0.994380 0.012585 -0.105122 136.431812 -0.012973 0.999911 -0.003008 -0.590631 0.105075 0.004355 0.994455 12.069455
0.994402 0.012601 -0.104909 136.827349 -0.013002 0.999911 -0.003140 -0.583582 0.104860 0.004487 0.994477 12.149180
0.994468 0.012512 -0.104288 137.255196 -0.012840 0.999914 -0.002478 -0.602627 0.104248 0.003803 0.994544 12.184985
0.994625 0.013139 -0.102709 137.698981 -0.013365 0.999910 -0.001514 -0.632766 0.102679 0.002879 0.994710 12.173546
0.994436 0.013137 -0.104525 138.150990 -0.013440 0.999907 -0.002201 -0.619731 0.104486 0.003594 0.994520 12.234386
0.994396 0.013689 -0.104830 138.562193 -0.014095 0.999896 -0.003127 -0.609771 0.104776 0.004587 0.994485 12.335881
0.994368 0.013516 -0.105115 139.021862 -0.013893 0.999899 -0.002855 -0.622761 0.105065 0.004299 0.994456 12.367754
0.994021 0.013471 -0.108354 139.497370 -0.013873 0.999899 -0.002961 -0.636490 0.108303 0.004446 0.994108 12.383735
0.994205 0.013453 -0.106660 139.915856 -0.013877 0.999898 -0.003234 -0.636998 0.106605 0.004695 0.994290 12.437999
0.994266 0.013373 -0.106096 140.349303 -0.013760 0.999901 -0.002915 -0.646011 0.106046 0.004358 0.994352 12.474580
0.994261 0.014062 -0.106051 140.797501 -0.014446 0.999892 -0.002851 -0.652123 0.106000 0.004366 0.994357 12.520517
0.994036 0.016002 -0.107870 141.251871 -0.016312 0.999865 -0.001994 -0.673943 0.107823 0.003742 0.994163 12.572843
0.994282 0.017644 -0.105320 141.670773 -0.017886 0.999839 -0.001360 -0.692002 0.105279 0.003236 0.994437 12.571712
0.994100 0.016773 -0.107162 142.141558 -0.016995 0.999855 -0.001163 -0.702978 0.107127 0.002977 0.994241 12.615757
0.994151 0.017355 -0.106597 142.581377 -0.017562 0.999845 -0.000996 -0.714550 0.106564 0.002862 0.994302 12.662690
0.994010 0.016151 -0.108091 143.057960 -0.016374 0.999865 -0.001178 -0.724813 0.108057 0.002940 0.994140 12.691189
0.993781 0.018223 -0.109852 143.520211 -0.018489 0.999828 -0.001404 -0.743129 0.109808 0.003426 0.993947 12.741234
0.993884 0.018403 -0.108883 143.982379 -0.018603 0.999827 -0.000822 -0.756276 0.108849 0.002843 0.994054 12.740574
0.993895 0.017998 -0.108849 144.444428 -0.018160 0.999835 -0.000496 -0.765977 0.108822 0.002470 0.994058 12.785431
0.993646 0.016319 -0.111364 144.924390 -0.016306 0.999867 0.001035 -0.775905 0.111366 0.000787 0.993779 12.852885
0.993538 0.016095 -0.112349 145.385587 -0.015993 0.999870 0.001808 -0.789670 0.112363 0.000001 0.993667 12.900922
0.993562 0.017359 -0.111952 145.860584 -0.017285 0.999849 0.001632 -0.806596 0.111963 0.000314 0.993712 12.935900
0.993336 0.018589 -0.113744 146.335612 -0.018497 0.999827 0.001870 -0.823212 0.113759 0.000247 0.993508 12.987260
0.993381 0.018348 -0.113388 146.799479 -0.018283 0.999832 0.001616 -0.818123 0.113399 0.000467 0.993549 13.028061
0.993358 0.018997 -0.113490 147.236174 -0.018970 0.999819 0.001324 -0.824524 0.113495 0.000838 0.993538 13.086214
0.993590 0.020316 -0.111206 147.630226 -0.020359 0.999792 0.000751 -0.829738 0.111198 0.001518 0.993797 13.159319
0.993473 0.019867 -0.112322 148.089303 -0.019952 0.999801 0.000371 -0.829511 0.112307 0.001873 0.993672 13.236615
0.993348 0.019870 -0.113426 148.552263 -0.019911 0.999801 0.000773 -0.852522 0.113419 0.001491 0.993546 13.272801
0.993454 0.020199 -0.112430 148.993618 -0.020307 0.999794 0.000182 -0.851333 0.112411 0.002102 0.993660 13.338656
0.993633 0.018786 -0.111090 149.440772 -0.018905 0.999821 -0.000020 -0.856773 0.111070 0.002120 0.993810 13.378377
0.993545 0.019412 -0.111763 149.923914 -0.019505 0.999810 0.000259 -0.880637 0.111746 0.001923 0.993735 13.406736
0.993487 0.019362 -0.112285 150.343592 -0.019609 0.999807 -0.001102 -0.853901 0.112242 0.003297 0.993675 13.525700
0.993241 0.020335 -0.114274 150.803111 -0.020774 0.999781 -0.002653 -0.851331 0.114195 0.005009 0.993446 13.609879
0.993233 0.021149 -0.114193 151.239182 -0.021680 0.999759 -0.003405 -0.856517 0.114094 0.005857 0.993453 13.657699
0.993656 0.021828 -0.110321 151.637702 -0.022244 0.999749 -0.002541 -0.860288 0.110238 0.004979 0.993893 13.722348
0.993588 0.021627 -0.110977 152.095545 -0.022048 0.999754 -0.002573 -0.871652 0.110894 0.005004 0.993820 13.770899
0.993441 0.023037 -0.111999 152.571409 -0.023336 0.999727 -0.001356 -0.918083 0.111937 0.003961 0.993707 13.758888
0.993386 0.022578 -0.112579 153.029213 -0.022841 0.999739 -0.001051 -0.930528 0.112526 0.003616 0.993642 13.812257
0.993280 0.021141 -0.113785 153.462177 -0.021453 0.999769 -0.001522 -0.914283 0.113727 0.003952 0.993504 13.904234
0.993501 0.020126 -0.112029 153.927323 -0.020295 0.999794 -0.000363 -0.934803 0.111998 0.002634 0.993705 13.920988
0.993160 0.021922 -0.114688 154.362671 -0.022057 0.999757 0.000086 -0.952564 0.114662 0.002444 0.993402 14.001665
0.993143 0.023242 -0.114572 154.804349 -0.023484 0.999724 -0.000770 -0.961513 0.114522 0.003455 0.993415 14.044978
0.993031 0.023694 -0.115446 155.258471 -0.023905 0.999714 -0.000441 -0.976765 0.115402 0.003198 0.993314 14.084321
0.993078 0.023853 -0.115012 155.719396 -0.024014 0.999712 -0.000017 -0.993541 0.114978 0.002779 0.993364 14.125653
0.993082 0.022192 -0.115304 156.165646 -0.022305 0.999751 0.000305 -1.002145 0.115282 0.002269 0.993330 14.179998
0.993099 0.022119 -0.115171 156.609623 -0.022209 0.999753 0.000500 -1.015281 0.115154 0.002061 0.993346 14.235993
0.993282 0.023755 -0.113253 157.056348 -0.023922 0.999714 -0.000119 -1.033818 0.113218 0.002827 0.993566 14.236506
0.993098 0.023509 -0.114907 157.511516 -0.023646 0.999720 0.000173 -1.044609 0.114879 0.002546 0.993376 14.295492
0.993166 0.022652 -0.114490 157.962192 -0.022635 0.999743 0.001451 -1.066351 0.114493 0.001150 0.993423 14.353324
