1.000000 0.000000 0.000000 0.000000 0.000000 1.000000 0.000000 0.000000 0.000000 0.000000 1.000000 0.000000
0.999855 -0.000823 -0.017002 -0.064774 0.000830 1.000000 0.000433 0.072742 0.017002 -0.000447 0.999855 0.490249
0.999447 -0.001774 -0.033208 -0.163344 0.001828 0.999997 0.001609 0.124751 0.033205 -0.001669 0.999447 0.979204
0.998800 -0.002549 -0.048909 -0.278981 0.002720 0.999990 0.003435 0.168460 0.048900 -0.003564 0.998797 1.457453
0.997895 -0.003028 -0.064775 -0.381094 0.003352 0.999982 0.004901 0.214428 0.064759 -0.005108 0.997888 1.943305
0.996798 -0.003737 -0.079874 -0.512781 0.004212 0.999974 0.005787 0.244636 0.079850 -0.006105 0.996788 2.418373
0.995515 -0.005533 -0.094438 -0.659434 0.006019 0.999970 0.004862 0.341196 0.094409 -0.005409 0.995519 2.891728
0.993963 -0.008152 -0.109409 -0.793722 0.008681 0.999953 0.004362 0.402875 0.109369 -0.005285 0.993987 3.370815
0.991841 -0.012062 -0.126907 -0.845962 0.012809 0.999905 0.005076 0.444271 0.126834 -0.006660 0.991902 3.905223
0.989662 -0.016530 -0.142467 -0.961973 0.016891 0.999856 0.001324 0.687231 0.142425 -0.003717 0.989799 4.424627
0.987378 -0.023746 -0.156591 -1.130987 0.025300 0.999648 0.007934 0.540856 0.156347 -0.011795 0.987632 4.875624
0.984751 -0.029658 -0.171422 -1.252189 0.031712 0.999454 0.009261 0.610576 0.171054 -0.014556 0.985154 5.352628
0.981912 -0.034092 -0.186242 -1.380737 0.036925 0.999249 0.011762 0.639570 0.185701 -0.018426 0.982433 5.840774
0.978808 -0.037022 -0.201408 -1.526652 0.040667 0.999075 0.013986 0.710431 0.200704 -0.021880 0.979408 6.333839
0.975474 -0.037683 -0.216865 -1.683426 0.043064 0.998869 0.020140 0.724225 0.215861 -0.028986 0.975994 6.817794
0.972077 -0.036793 -0.231761 -1.896020 0.043892 0.998710 0.025547 0.790481 0.230522 -0.035006 0.972437 7.312785
0.967479 -0.035838 -0.250398 -1.998080 0.044548 0.998580 0.029201 0.885832 0.248996 -0.039406 0.967702 7.877918
0.963235 -0.036799 -0.266130 -2.190252 0.047432 0.998308 0.033636 0.921535 0.264442 -0.045022 0.963350 8.336116
0.958082 -0.039809 -0.283716 -2.317992 0.052392 0.997945 0.036896 0.947690 0.281664 -0.050214 0.958198 8.818219
0.952996 -0.044001 -0.299771 -2.505453 0.057704 0.997648 0.037008 1.045544 0.297438 -0.052567 0.953293 9.282858
0.947949 -0.048996 -0.314629 -2.732213 0.064034 0.997238 0.037633 1.139305 0.311916 -0.055821 0.948468 9.753294
0.942740 -0.052807 -0.329322 -3.001909 0.070473 0.996632 0.041930 1.098705 0.325998 -0.062738 0.943286 10.288768
0.934380 -0.055284 -0.351964 -3.008192 0.075206 0.996233 0.043174 1.135039 0.348251 -0.066810 0.935017 10.948888
0.927438 -0.057718 -0.369497 -3.179755 0.079743 0.995817 0.044600 1.170755 0.365377 -0.070829 0.928161 11.452285
0.922823 -0.058674 -0.380729 -3.600039 0.082967 0.995410 0.047697 1.115440 0.376182 -0.075604 0.923456 11.923934
0.916371 -0.057670 -0.396155 -3.854813 0.083373 0.995364 0.047955 1.131014 0.391553 -0.076973 0.916930 12.430692
0.907798 -0.056929 -0.415525 -3.983474 0.083450 0.995453 0.045930 1.288429 0.411021 -0.076371 0.908421 12.923049
0.894466 -0.051669 -0.444141 -3.810137 0.082681 0.995284 0.050727 1.221880 0.439425 -0.082095 0.894520 13.542417
0.888178 -0.055800 -0.456099 -4.176874 0.088917 0.994709 0.051456 1.293690 0.450815 -0.086257 0.888440 13.985003
0.880775 -0.058094 -0.469958 -4.432424 0.095179 0.993911 0.055518 1.338934 0.463871 -0.093629 0.880941 14.439030
0.874341 -0.053396 -0.482367 -4.802021 0.097866 0.992909 0.067481 1.045496 0.475343 -0.106209 0.873366 15.080383
0.868363 -0.054074 -0.492972 -5.204674 0.098695 0.992997 0.064928 1.186463 0.486009 -0.105035 0.867619 15.498235
0.860555 -0.059755 -0.505841 -5.582098 0.100343 0.993522 0.053342 1.521205 0.499376 -0.096662 0.860976 15.984847
0.851723 -0.060924 -0.520438 -5.844259 0.100736 0.993729 0.048530 1.619486 0.514218 -0.093761 0.852519 16.454723
0.842395 -0.059948 -0.535515 -6.116719 0.099880 0.993943 0.045850 1.679734 0.529523 -0.092111 0.843280 16.992478
0.834045 -0.061485 -0.548260 -6.429510 0.100478 0.994079 0.041372 1.792863 0.542470 -0.089594 0.835284 17.505227
0.827955 -0.065439 -0.556963 -6.862817 0.105176 0.993665 0.039602 1.790823 0.550843 -0.091368 0.829593 18.022898
0.822299 -0.071089 -0.564598 -7.293922 0.109192 0.993441 0.033945 1.899833 0.558481 -0.089562 0.824668 18.430742
0.815654 -0.074880 -0.573674 -7.713784 0.112595 0.993174 0.030452 2.071527 0.567478 -0.089431 0.818518 18.886750
0.808031 -0.076243 -0.584185 -8.071338 0.116382 0.992707 0.031418 2.103470 0.577530 -0.093376 0.811012 19.381325
0.802944 -0.074059 -0.591436 -8.501955 0.116485 0.992615 0.033848 2.140753 0.584562 -0.096071 0.805641 19.841068
0.795828 -0.072267 -0.601195 -8.913825 0.118377 0.992263 0.037425 2.196346 0.593839 -0.100952 0.798225 20.379318
0.789260 -0.066808 -0.610414 -9.301023 0.116282 0.992339 0.041744 2.245398 0.602949 -0.103927 0.790981 20.876144
0.779584 -0.069307 -0.622451 -9.730744 0.123995 0.991265 0.044924 2.191328 0.613901 -0.112203 0.781368 21.607165
0.773154 -0.067762 -0.630588 -10.153009 0.125965 0.990874 0.047965 2.230169 0.621583 -0.116517 0.774634 22.095095
0.766456 -0.067516 -0.638738 -10.566077 0.128187 0.990533 0.049117 2.303975 0.629375 -0.119524 0.767855 22.662731
0.758975 -0.069837 -0.647363 -10.992093 0.134400 0.989624 0.050812 2.335330 0.637097 -0.125570 0.760486 23.272562
0.757001 -0.069322 -0.649727 -11.500108 0.134282 0.989637 0.050865 2.472135 0.639467 -0.125752 0.758464 23.577554
0.751326 -0.069801 -0.656230 -11.959900 0.138073 0.989009 0.052884 2.539381 0.645326 -0.130340 0.752706 24.109140
0.746723 -0.068138 -0.661635 -12.442415 0.139084 0.988744 0.055145 2.629919 0.650430 -0.133200 0.747795 24.617314
0.739123 -0.073929 -0.669502 -13.063220 0.153103 0.986381 0.060104 2.500407 0.655940 -0.146927 0.740375 25.360620
0.733003 -0.073591 -0.676233 -13.634782 0.157400 0.985500 0.063366 2.456323 0.661765 -0.152886 0.733957 26.060439
0.727882 -0.064609 -0.682652 -13.929862 0.159471 0.984204 0.076888 2.037271 0.666901 -0.164829 0.726688 26.539020
0.724170 -0.062550 -0.686779 -14.448333 0.163569 0.983039 0.082941 1.929715 0.669943 -0.172399 0.722119 27.006481
0.719581 -0.060167 -0.691797 -14.916620 0.165294 0.982445 0.086488 1.933068 0.674449 -0.176585 0.716894 27.510695
0.713235 -0.059716 -0.698377 -15.385021 0.164729 0.982738 0.084203 2.109955 0.681293 -0.175100 0.710760 28.133140
0.709706 -0.060767 -0.701872 -15.885814 0.163786 0.983207 0.080490 2.345030 0.685195 -0.172081 0.707741 28.539610
0.708728 -0.060982 -0.702842 -16.422909 0.167465 0.982324 0.083636 2.400434 0.685318 -0.176977 0.706413 28.785434
0.702242 -0.056554 -0.709689 -16.906190 0.162906 0.983157 0.082850 2.528161 0.693050 -0.173794 0.699627 29.519589
0.698434 -0.055982 -0.713481 -17.443223 0.162285 0.983355 0.081705 2.718787 0.697032 -0.172853 0.695894 30.029621
0.694859 -0.055388 -0.717009 -17.997409 0.166412 0.982352 0.085386 2.704573 0.699626 -0.178651 0.691814 30.539032
0.691172 -0.057657 -0.720387 -18.515262 0.164673 0.983155 0.079306 2.974070 0.703679 -0.173443 0.689024 31.042492
0.686968 -0.059910 -0.724214 -19.055949 0.166331 0.983102 0.076451 3.130279 0.707396 -0.172979 0.685324 31.598198
0.685362 -0.062961 -0.725476 -19.571599 0.171198 0.982263 0.076486 3.243135 0.707792 -0.176621 0.683985 31.938097
0.684659 -0.064536 -0.726001 -20.082551 0.168625 0.983074 0.071634 3.507065 0.709090 -0.171467 0.683952 32.316723
0.682589 -0.064518 -0.727949 -20.631259 0.171107 0.982517 0.073365 3.579403 0.710489 -0.174635 0.681695 32.780464
0.682758 -0.062462 -0.727970 -21.147017 0.176146 0.981023 0.081031 3.553282 0.709094 -0.183553 0.680804 33.086221
0.683515 -0.062373 -0.727266 -21.678531 0.177066 0.980752 0.082300 3.700115 0.708135 -0.185028 0.681403 33.413821
0.680310 -0.061930 -0.730303 -22.231324 0.169811 0.982629 0.074860 4.008440 0.712981 -0.174942 0.679009 34.028406
0.680011 -0.065393 -0.730280 -22.820972 0.170989 0.982695 0.071224 4.219297 0.712985 -0.173304 0.679425 34.456135
0.679988 -0.066579 -0.730194 -23.375710 0.169826 0.983090 0.068511 4.417508 0.713285 -0.170592 0.679796 34.901016
0.678759 -0.068257 -0.731182 -23.984351 0.168594 0.983560 0.064690 4.630967 0.714746 -0.167182 0.679108 35.411998
0.677238 -0.070722 -0.732357 -24.589517 0.166091 0.984372 0.058532 4.892337 0.716772 -0.161278 0.678401 35.950050
0.677416 -0.071523 -0.732115 -25.149217 0.166725 0.984290 0.058109 5.034918 0.716457 -0.161426 0.678698 36.369427
0.674629 -0.073227 -0.734516 -25.724415 0.168414 0.984092 0.056574 5.186619 0.718688 -0.161869 0.676229 36.909060
0.674364 -0.074985 -0.734582 -26.336237 0.168382 0.984235 0.054110 5.360826 0.718944 -0.160180 0.676359 37.408260
0.673829 -0.074715 -0.735100 -26.936740 0.168050 0.984298 0.054000 5.484948 0.719524 -0.159921 0.675804 37.914187
0.673102 -0.076929 -0.735538 -27.544150 0.171025 0.983807 0.053613 5.613915 0.719503 -0.161882 0.675359 38.386642
0.670583 -0.071563 -0.738375 -27.954288 0.167412 0.984258 0.056648 5.629571 0.722697 -0.161600 0.672007 38.933936
0.669880 -0.068297 -0.739321 -28.465771 0.164232 0.984724 0.057840 5.691249 0.724077 -0.160166 0.670864 39.425174
0.668491 -0.068071 -0.740598 -29.010860 0.161532 0.985320 0.055241 5.873707 0.725966 -0.156558 0.669674 39.950003
0.666679 -0.066665 -0.742358 -29.554280 0.159637 0.985651 0.054850 5.996367 0.728049 -0.155075 0.667755 40.470832
0.665738 -0.065233 -0.743329 -30.092413 0.157689 0.985973 0.054702 6.127520 0.729334 -0.153632 0.666686 40.958784
0.664914 -0.067513 -0.743862 -30.691257 0.159876 0.985689 0.053448 6.282420 0.729608 -0.154464 0.666192 41.405186
0.665455 -0.066856 -0.743438 -31.261449 0.162331 0.985105 0.056715 6.336341 0.728573 -0.158424 0.666396 41.751454
0.663487 -0.063600 -0.745479 -31.814662 0.160243 0.985339 0.058556 6.408150 0.730826 -0.158309 0.663952 42.321344
0.662237 -0.062174 -0.746711 -32.341782 0.159945 0.985312 0.059810 6.498922 0.732025 -0.159041 0.662454 42.781001
0.661156 -0.059671 -0.747872 -32.927788 0.159914 0.985133 0.062770 6.534458 0.733008 -0.161096 0.660869 43.305206
0.661929 -0.060831 -0.747094 -33.535934 0.158738 0.985471 0.060402 6.711612 0.732566 -0.158574 0.661968 43.721433
0.664318 -0.062303 -0.744849 -34.204251 0.164926 0.984177 0.064773 6.658207 0.729027 -0.165875 0.664082 44.026756
0.661091 -0.061708 -0.747764 -34.758663 0.165542 0.984049 0.065147 6.741822 0.731816 -0.166855 0.660761 44.668193
0.658031 -0.052068 -0.751188 -35.172718 0.163224 0.983750 0.074795 6.587924 0.735087 -0.171829 0.655837 45.223788
0.657629 -0.049864 -0.751690 -35.719029 0.159177 0.984476 0.073952 6.790546 0.736333 -0.168285 0.655358 45.687865
0.657091 -0.043007 -0.752583 -36.157528 0.160811 0.983386 0.084210 6.644289 0.736458 -0.176358 0.653090 46.006809
0.650502 -0.032331 -0.758816 -36.438252 0.162672 0.981839 0.097619 6.431444 0.741880 -0.186939 0.643948 46.530533
0.648407 -0.037476 -0.760371 -37.075067 0.165181 0.981920 0.092463 6.749510 0.743158 -0.185552 0.642874 47.060504
0.647250 -0.037900 -0.761335 -37.635350 0.161974 0.982793 0.088777 7.035216 0.744871 -0.180778 0.642252 47.507418
0.643905 -0.037759 -0.764173 -38.176156 0.166152 0.981847 0.091488 7.111748 0.746847 -0.185878 0.638490 47.994012
0.644357 -0.034719 -0.763936 -38.807763 0.167386 0.981148 0.096594 7.139578 0.746181 -0.190113 0.638021 48.462893
0.642666 -0.034073 -0.765388 -39.507480 0.167060 0.981204 0.096593 7.237799 0.747711 -0.189943 0.636279 49.108919
0.642779 -0.038568 -0.765080 -40.011374 0.167484 0.981645 0.091225 7.551114 0.747519 -0.186776 0.637440 49.385024
0.643104 -0.044565 -0.764481 -40.720288 0.172648 0.981040 0.088047 7.678902 0.746063 -0.188610 0.638605 49.878475
0.644223 -0.038076 -0.763889 -41.276031 0.168194 0.981364 0.092930 7.706444 0.746115 -0.188350 0.638621 50.329052
0.649455 -0.036650 -0.759516 -41.959578 0.168154 0.981031 0.096448 7.760543 0.741574 -0.190354 0.643299 50.679822
0.647978 -0.033869 -0.760906 -42.415573 0.162962 0.982042 0.095065 7.996183 0.744021 -0.185599 0.641861 51.082098
0.649055 -0.019847 -0.760482 -42.945541 0.165049 0.979522 0.115302 7.739839 0.742621 -0.200354 0.639040 51.505617
0.649965 -0.010696 -0.759889 -43.445241 0.163116 0.978561 0.125746 7.750803 0.742252 -0.205681 0.637775 51.885831
0.650975 -0.011452 -0.759013 -43.947203 0.164456 0.978267 0.126287 7.955462 0.741071 -0.207034 0.638710 52.181808
0.649631 -0.000607 -0.760250 -44.423331 0.152411 0.979803 0.129452 8.131301 0.744816 -0.199966 0.636602 52.691302
0.651760 -0.025896 -0.757983 -45.164472 0.174882 0.977616 0.116975 8.397478 0.737987 -0.208797 0.641700 52.993780
0.647775 -0.010983 -0.761753 -45.505396 0.159950 0.979570 0.121893 8.562949 0.744852 -0.200801 0.636298 53.444290
0.652933 -0.030736 -0.756792 -46.028563 0.160421 0.982120 0.098518 9.174335 0.740232 -0.185731 0.646189 53.476519
0.637863 -0.026041 -0.769709 -46.018056 0.152195 0.983981 0.092835 9.576393 0.754961 -0.176363 0.631609 53.657746
0.636119 -0.031013 -0.770967 -46.682420 0.164305 0.981719 0.096077 9.541943 0.753894 -0.187790 0.629586 54.205874
0.639009 -0.037984 -0.768261 -46.968235 0.148951 0.985985 0.075142 10.307932 0.754640 -0.162450 0.635711 54.014302
0.643602 -0.028898 -0.764815 -47.649130 0.138084 0.987273 0.078896 10.399041 0.752801 -0.156386 0.639401 54.574486
0.645006 -0.018507 -0.763954 -48.287833 0.164654 0.979591 0.115287 9.764564 0.746228 -0.200149 0.634889 55.107857
0.604487 0.001247 -0.796614 -47.969661 0.169421 0.976920 0.130089 9.709680 0.778391 -0.213600 0.590324 55.674436
0.601516 -0.036863 -0.798009 -48.684539 0.201544 0.973624 0.106943 9.983179 0.773019 -0.225162 0.593080 55.876715
0.606374 -0.040347 -0.794155 -49.143144 0.217755 0.968961 0.117038 9.934032 0.764783 -0.243900 0.596338 55.917179
0.604156 -0.055754 -0.794913 -47.914282 0.247584 0.961313 0.120746 10.155203 0.757428 -0.269757 0.594587 55.692852
0.605815 -0.054261 -0.793753 -48.143977 0.248534 0.960651 0.124018 10.154087 0.755790 -0.272407 0.595463 55.793954
0.608746 -0.059341 -0.791143 -48.796543 0.265812 0.954819 0.132911 10.201636 0.747511 -0.291204 0.597016 55.931475
0.612958 -0.057981 -0.787985 -49.016916 0.268757 0.953136 0.138928 10.144068 0.743002 -0.296933 0.599816 55.964237
0.616311 -0.059453 -0.785255 -49.351662 0.277465 0.949597 0.145874 10.160851 0.737003 -0.307785 0.601743 56.024529
0.625006 -0.040808 -0.779553 -49.373297 0.243922 0.958837 0.145372 9.952095 0.741532 -0.281008 0.609233 56.002197
0.625294 -0.040159 -0.779355 -49.546615 0.258486 0.952959 0.158285 9.897374 0.736337 -0.300427 0.606260 56.159342
0.625521 -0.040942 -0.779132 -49.721236 0.282063 0.942946 0.176902 9.768917 0.727437 -0.330420 0.601380 56.340271
0.621429 -0.041082 -0.782392 -49.930567 0.279335 0.944614 0.172267 9.905435 0.731982 -0.325602 0.598487 56.576858
0.624158 -0.039499 -0.780299 -50.120497 0.271264 0.947549 0.169018 9.979417 0.732696 -0.317161 0.602135 56.612818
0.627859 -0.037236 -0.777436 -50.348896 0.260127 0.951457 0.164509 10.114742 0.733572 -0.305520 0.607067 56.664827
0.623957 -0.033670 -0.780733 -50.515383 0.305458 0.930095 0.204008 9.891984 0.719287 -0.365773 0.590624 56.952868
0.623781 -0.038083 -0.780671 -50.671985 0.288849 0.939335 0.184977 10.230663 0.726267 -0.340881 0.596939 57.038269
0.625503 -0.041518 -0.779117 -50.735495 0.305564 0.931852 0.195660 10.229152 0.717898 -0.360456 0.595562 57.083094
0.631673 -0.040063 -0.774199 -50.689265 0.311537 0.927595 0.206184 10.133873 0.709883 -0.371432 0.598418 57.024866
0.631621 -0.039408 -0.774275 -50.686769 0.328665 0.918134 0.221381 10.066510 0.702164 -0.394306 0.592865 57.152133
0.644242 -0.029735 -0.764243 -50.154962 0.321396 0.917260 0.235242 9.731005 0.694015 -0.397178 0.600494 56.864150
0.647490 -0.028349 -0.761547 -50.167255 0.315531 0.919600 0.234041 9.734974 0.693684 -0.391831 0.604377 56.855270
0.644352 -0.031286 -0.764089 -50.319356 0.324612 0.915869 0.236244 9.774079 0.692414 -0.400257 0.600298 57.007512
0.642808 -0.029820 -0.765447 -50.435886 0.327978 0.913735 0.239833 9.801095 0.692264 -0.405216 0.597136 57.128859
0.644005 -0.033162 -0.764302 -50.502291 0.332643 0.911812 0.240725 9.823762 0.688917 -0.409268 0.598242 57.169689
0.646771 -0.030104 -0.762090 -50.620283 0.326971 0.913683 0.241401 9.864132 0.689041 -0.405312 0.600786 57.252723
0.654697 -0.029027 -0.755334 -50.582266 0.317617 0.917331 0.240047 9.850963 0.685923 -0.397065 0.609794 57.138410
0.658117 -0.029428 -0.752340 -50.618212 0.322748 0.913800 0.246584 9.830760 0.680232 -0.405097 0.610885 57.148338
0.659715 -0.031075 -0.750873 -50.575653 0.313635 0.919359 0.237511 9.855423 0.682942 -0.392189 0.616261 57.072366
0.655569 -0.027587 -0.754631 -50.655516 0.299687 0.926769 0.226467 9.950068 0.693121 -0.374617 0.615828 57.156414
0.659586 -0.028190 -0.751101 -50.732476 0.312012 0.919398 0.239490 9.914949 0.683809 -0.392317 0.615218 57.204891
0.661627 -0.027503 -0.749329 -50.781814 0.313116 0.918162 0.242768 9.921135 0.681328 -0.395249 0.616093 57.229471
0.663604 -0.027149 -0.747592 -50.839142 0.322095 0.912337 0.252777 9.906225 0.675193 -0.408540 0.614175 57.287056
0.666025 -0.025413 -0.745496 -50.895330 0.316821 0.914430 0.251876 9.931633 0.675304 -0.403944 0.617085 57.300819
0.665612 -0.023865 -0.745916 -50.930482 0.320062 0.912034 0.256425 9.924942 0.674181 -0.409419 0.614700 57.343280
0.665897 -0.026326 -0.745579 -50.974079 0.313415 0.916783 0.247548 9.983459 0.677017 -0.398518 0.618734 57.355289
0.667122 -0.028255 -0.744412 -51.024887 0.313286 0.917259 0.245944 10.002329 0.675870 -0.397289 0.620775 57.388250
0.668627 -0.030452 -0.742974 -51.077421 0.313263 0.917705 0.244302 10.021140 0.674392 -0.396093 0.623142 57.420909
0.669109 -0.032520 -0.742452 -51.123279 0.319596 0.914533 0.247968 10.010789 0.670933 -0.403203 0.622316 57.468278
0.672364 -0.032509 -0.739507 -51.176663 0.319005 0.914227 0.249851 10.018996 0.667954 -0.403897 0.625063 57.488656
0.671914 -0.031234 -0.739971 -51.216275 0.319493 0.913591 0.251546 10.030641 0.668174 -0.405433 0.623833 57.525277
0.677229 -0.036221 -0.734880 -51.265682 0.314582 0.917148 0.244699 10.076878 0.665131 -0.396897 0.632514 57.518335
0.680827 -0.034170 -0.731647 -51.321047 0.310753 0.918026 0.246294 10.093383 0.663255 -0.395045 0.635635 57.541194
0.675551 -0.033905 -0.736534 -51.332603 0.311505 0.918535 0.243431 10.121432 0.668278 -0.393884 0.631078 57.570709
0.679822 0.015584 -0.733211 -51.356404 0.278584 0.919345 0.277839 10.044175 0.678404 -0.393143 0.620650 57.627959
0.675668 0.007048 -0.737172 -51.383818 0.286500 0.918842 0.271381 10.081846 0.679257 -0.394564 0.618813 57.657813
0.681152 0.010198 -0.732071 -51.441660 0.282397 0.918870 0.275555 10.089175 0.675488 -0.394429 0.623010 57.679978
0.685401 0.012877 -0.728052 -51.499382 0.276245 0.920502 0.276343 10.108815 0.673731 -0.390526 0.627356 57.704552
0.686141 0.012457 -0.727362 -51.539076 0.276949 0.920089 0.277011 10.122867 0.672689 -0.391511 0.627861 57.731160
0.689882 0.013150 -0.723803 -51.589094 0.273258 0.921139 0.277187 10.142195 0.670368 -0.389011 0.631884 57.753193
0.697850 0.011413 -0.716153 -51.660689 0.270518 0.921615 0.278292 10.159136 0.663194 -0.387938 0.640061 57.771017
0.701458 0.014632 -0.712561 -51.692027 0.265803 0.922286 0.280601 10.167839 0.661291 -0.386231 0.643056 57.771054
0.685639 -0.002537 -0.727937 -51.661517 0.288633 0.918974 0.268659 10.201739 0.668273 -0.394310 0.630817 57.796556
0.686888 0.008274 -0.726716 -51.688374 0.283056 0.917932 0.277994 10.191263 0.669376 -0.396652 0.628174 57.817877
0.696960 0.025796 -0.716646 -51.743176 0.265655 0.918963 0.291436 10.178727 0.666089 -0.393500 0.633627 57.822227
0.695867 0.025613 -0.717714 -51.776473 0.271331 0.915918 0.295758 10.185639 0.664943 -0.400547 0.630407 57.856206
0.678484 0.016505 -0.734429 -51.775664 0.283681 0.916311 0.282664 10.237363 0.677631 -0.400127 0.617020 57.928358
0.672594 -0.001209 -0.740010 -51.799992 0.300628 0.914208 0.271747 10.274360 0.676195 -0.405243 0.615255 57.950533
0.669922 -0.000999 -0.742431 -51.825180 0.304567 0.912351 0.273594 10.285075 0.677084 -0.409407 0.611509 57.978649
0.665529 -0.002227 -0.746369 -51.847740 0.307939 0.911736 0.271865 10.307411 0.679886 -0.410770 0.607473 58.009034
0.667272 0.001985 -0.744812 -51.886108 0.306521 0.910657 0.277037 10.311276 0.678818 -0.413159 0.607047 58.034852
0.670691 0.000637 -0.741736 -51.930772 0.307373 0.909857 0.278714 10.325075 0.675052 -0.414921 0.610037 58.048420
0.674163 0.007265 -0.738547 -51.974309 0.305665 0.907555 0.287946 10.323921 0.672364 -0.419871 0.609619 58.073542
0.669447 0.011587 -0.742769 -51.991301 0.307227 0.906041 0.291033 10.336365 0.676352 -0.423030 0.602987 58.103642
0.668870 0.012854 -0.743268 -52.021835 0.308722 0.904748 0.293466 10.351813 0.676243 -0.425754 0.601190 58.126636
0.668337 0.002900 -0.743853 -52.062964 0.315540 0.904460 0.287032 10.386046 0.673617 -0.426550 0.603569 58.145820
0.671265 0.001063 -0.741216 -52.104350 0.316977 0.903535 0.288358 10.399317 0.670021 -0.428513 0.606175 58.162776
0.680130 0.002713 -0.733087 -52.163077 0.315020 0.901877 0.295602 10.402005 0.661956 -0.431985 0.612538 58.178751
0.685988 0.003800 -0.727603 -52.211403 0.314213 0.900390 0.300945 10.407401 0.656270 -0.435067 0.616463 58.196416
0.679807 0.010462 -0.733316 -52.222462 0.315259 0.898633 0.305075 10.414075 0.662174 -0.438577 0.607599 58.228311
0.676641 -0.003708 -0.736304 -52.258335 0.325218 0.898664 0.294341 10.449504 0.660598 -0.438622 0.609279 58.249216
0.682214 0.000955 -0.731152 -52.302557 0.322612 0.896996 0.302190 10.450899 0.656129 -0.442037 0.611636 58.267295
0.692280 0.009534 -0.721566 -52.359297 0.314763 0.895790 0.313822 10.450204 0.649364 -0.444375 0.617136 58.279489
0.689555 0.017711 -0.724016 -52.385787 0.311718 0.895105 0.318777 10.461451 0.653717 -0.445503 0.611704 58.305055
0.693927 0.016979 -0.719845 -52.432514 0.312638 0.893465 0.322455 10.476081 0.648632 -0.448811 0.614691 58.320554
0.696739 0.019596 -0.717057 -52.471712 0.314221 0.890280 0.329647 10.485382 0.644841 -0.454992 0.614135 58.341393
0.701724 0.020045 -0.712167 -52.516718 0.315517 0.887491 0.335870 10.492852 0.638774 -0.460389 0.616449 58.361068
0.704315 0.016263 -0.709701 -52.556283 0.320934 0.884442 0.338766 10.506882 0.633199 -0.466366 0.617707 58.380632
0.705906 0.017043 -0.708100 -52.591179 0.322061 0.882668 0.342308 10.518399 0.630851 -0.469689 0.617592 58.400697
0.712493 0.010451 -0.701601 -52.641933 0.324605 0.881553 0.342777 10.534382 0.622081 -0.471970 0.624708 58.414235
0.712318 0.010115 -0.701784 -52.674619 0.328428 0.878864 0.346025 10.548174 0.620273 -0.476965 0.622709 58.435348
0.716383 0.011305 -0.697616 -52.716231 0.329355 0.875975 0.352411 10.557316 0.615078 -0.482224 0.623810 58.455304
0.708198 0.021424 -0.705688 -52.731598 0.332840 0.871363 0.360477 10.563598 0.622634 -0.490171 0.609967 58.497718
0.712654 0.020488 -0.701217 -52.774641 0.334449 0.868740 0.365286 10.575808 0.616659 -0.494844 0.612259 58.514295
0.712242 0.016202 -0.701747 -52.809835 0.342890 0.864304 0.367973 10.593794 0.612485 -0.502708 0.610039 58.534962
0.716888 0.009963 -0.697117 -52.855617 0.350445 0.859249 0.372665 10.608571 0.602711 -0.511460 0.612494 58.550536
0.718399 0.014994 -0.695470 -52.889531 0.353581 0.853116 0.383631 10.615545 0.599069 -0.521505 0.607576 58.571547
0.718490 0.027822 -0.694981 -52.916855 0.350919 0.848203 0.396746 10.619508 0.600523 -0.528940 0.599662 58.599497
0.720497 0.023639 -0.693055 -52.956003 0.357993 0.843265 0.400930 10.634943 0.593906 -0.536978 0.599108 58.618255
0.719579 0.030733 -0.693730 -52.983335 0.360156 0.837631 0.410684 10.643814 0.593712 -0.545371 0.591673 58.642230
0.718704 0.047721 -0.693676 -53.008983 0.358718 0.829178 0.428703 10.642682 0.595639 -0.556945 0.578815 58.670483
0.724960 0.059473 -0.686219 -53.049310 0.354610 0.821864 0.445860 10.644703 0.590495 -0.566571 0.574729 58.689660
0.727587 0.072321 -0.682193 -53.083844 0.349957 0.816176 0.459769 10.650224 0.590040 -0.573259 0.568530 58.710215
0.729245 0.079848 -0.679578 -53.117696 0.352803 0.807097 0.473418 10.659359 0.586286 -0.584995 0.560401 58.730705
0.731095 0.092382 -0.675993 -53.148287 0.356839 0.792701 0.494258 10.662606 0.581521 -0.602570 0.546574 58.752188
0.740343 0.114636 -0.662382 -53.186558 0.347051 0.778702 0.522665 10.654388 0.575715 -0.616832 0.536723 58.774358
0.734003 0.131179 -0.666358 -53.195885 0.352072 0.765537 0.538515 10.657371 0.580763 -0.629877 0.515722 58.799656
0.713798 0.169319 -0.679576 -53.175949 0.352314 0.751806 0.557371 10.653050 0.605283 -0.637275 0.476984 58.834936
0.705697 0.117392 -0.698721 -53.147177 0.372379 0.777533 0.506730 10.668584 0.602765 -0.617787 0.504989 58.802467
0.712560 0.121136 -0.691075 -53.158861 0.369121 0.772924 0.516080 10.666821 0.596664 -0.622828 0.506041 58.805939
0.705193 0.121567 -0.698516 -53.161593 0.372936 0.774297 0.511257 10.674784 0.603010 -0.621036 0.500692 58.814947
0.717703 0.123956 -0.685228 -53.176569 0.366359 0.769618 0.522944 10.673453 0.592186 -0.626357 0.506944 58.813883
0.722333 0.121164 -0.680848 -53.182767 0.366453 0.767876 0.525433 10.676709 0.586470 -0.629036 0.510261 58.812155
0.704975 0.123451 -0.698406 -53.175707 0.379492 0.766250 0.518505 10.685860 0.599163 -0.630572 0.493338 58.824517
0.706197 0.126812 -0.696567 -53.183051 0.382645 0.759413 0.526188 10.687737 0.595709 -0.638130 0.487771 58.830283
0.703149 0.121917 -0.700513 -53.182400 0.387702 0.760116 0.521451 10.692672 0.596045 -0.638248 0.487207 58.830440
0.701570 0.126470 -0.701288 -53.189677 0.390487 0.754986 0.526798 10.696512 0.596086 -0.643430 0.480291 58.839168
0.704978 0.123519 -0.698391 -53.194422 0.388694 0.756374 0.526133 10.700562 0.593232 -0.642372 0.485215 58.837132
0.704827 0.126244 -0.698055 -53.198106 0.385611 0.757768 0.526395 10.704349 0.595418 -0.640195 0.485415 58.838509
0.704600 0.126557 -0.698228 -53.202323 0.387139 0.756070 0.527713 10.707839 0.594695 -0.642138 0.483732 58.840917
0.705288 0.126096 -0.697616 -53.206941 0.388327 0.754568 0.528988 10.711435 0.593102 -0.643993 0.483222 58.843241
0.704849 0.123365 -0.698548 -53.211256 0.392068 0.752924 0.528572 10.715182 0.591161 -0.646441 0.482330 58.845490
0.704588 0.118087 -0.699723 -53.215957 0.399417 0.749030 0.528602 10.718594 0.586534 -0.651928 0.480591 58.848059
0.705585 0.112812 -0.699588 -53.221010 0.405241 0.745645 0.528954 10.721953 0.581317 -0.656724 0.480400 58.850286
0.706448 0.109225 -0.699286 -53.225821 0.407661 0.744874 0.528181 10.726065 0.578571 -0.658204 0.481688 58.852852
0.707237 0.103471 -0.699363 -53.230994 0.413340 0.742025 0.527777 10.729942 0.573555 -0.662339 0.482019 58.855452
0.706207 0.101411 -0.700705 -53.236995 0.420086 0.736635 0.529996 10.733829 0.569912 -0.668643 0.477615 58.861820
0.708815 0.100083 -0.698259 -53.244168 0.426248 0.727949 0.537031 10.735030 0.562045 -0.678287 0.473321 58.866616
0.709286 0.098326 -0.698030 -53.249308 0.429065 0.725448 0.538172 10.738359 0.559300 -0.681218 0.472362 58.869435
0.709326 0.096588 -0.698232 -53.254329 0.431478 0.723803 0.538458 10.742061 0.557391 -0.683213 0.471737 58.872402
0.712188 0.092193 -0.695908 -53.258931 0.432630 0.723053 0.538540 10.745069 0.552828 -0.684612 0.475065 58.871983
0.712228 0.091286 -0.695987 -53.264359 0.436549 0.718835 0.541019 10.748521 0.549687 -0.689162 0.472123 58.875968
0.709155 0.094416 -0.698702 -53.270402 0.439753 0.715379 0.543001 10.753752 0.551105 -0.692329 0.465795 58.883458
0.710614 0.090606 -0.697724 -53.275025 0.442645 0.713254 0.543446 10.757198 0.546894 -0.695025 0.466742 58.884717
0.709085 0.092310 -0.699055 -53.280705 0.444206 0.711457 0.544527 10.762126 0.547612 -0.696640 0.463479 58.890215
0.707993 0.094700 -0.699841 -53.285686 0.447108 0.706973 0.547981 10.765364 0.546663 -0.700872 0.458191 58.895203
0.706152 0.094263 -0.701758 -53.290541 0.448159 0.707808 0.546041 10.770925 0.548181 -0.700087 0.457575 58.898784
0.705874 0.095251 -0.701904 -53.294798 0.449630 0.705432 0.547903 10.774219 0.547334 -0.702348 0.455119 58.901648
0.703357 0.095050 -0.704453 -53.298893 0.453587 0.703022 0.547739 10.778232 0.547309 -0.704787 0.451362 58.905412
0.702785 0.097519 -0.704687 -53.304040 0.457641 0.696419 0.552780 10.780628 0.544663 -0.710979 0.444804 58.910718
0.705405 0.094528 -0.702473 -53.307908 0.456779 0.697203 0.552504 10.784244 0.541993 -0.710614 0.448632 58.909700
0.701817 0.099012 -0.705442 -53.312956 0.455910 0.698484 0.551603 10.790337 0.547355 -0.708743 0.445067 58.914929
0.701317 0.098079 -0.706070 -53.318399 0.458087 0.696896 0.551807 10.794730 0.546179 -0.710434 0.443816 58.918110
0.699956 0.098376 -0.707378 -53.322740 0.461027 0.694218 0.552735 10.798247 0.545451 -0.713010 0.440568 58.920964
0.698540 0.097861 -0.708848 -53.327687 0.464719 0.691229 0.553389 10.801960 0.544131 -0.715979 0.437373 58.924474
0.696655 0.100245 -0.710368 -53.332082 0.465841 0.689828 0.554194 10.805977 0.545587 -0.717000 0.433874 58.928089
0.696097 0.097975 -0.711231 -53.336969 0.469285 0.687627 0.554022 10.809865 0.543342 -0.719423 0.432677 58.930899
0.695530 0.097339 -0.711873 -53.342038 0.471926 0.685201 0.554784 10.813693 0.541778 -0.721820 0.430641 58.933794
0.694053 0.097562 -0.713283 -53.347012 0.474564 0.683042 0.555196 10.817605 0.541368 -0.723834 0.427767 58.937282
0.694227 0.094934 -0.713468 -53.352149 0.477480 0.680991 0.555215 10.821597 0.538574 -0.726112 0.427433 58.939732
0.692144 0.095088 -0.715468 -53.357150 0.481745 0.677292 0.556055 10.825675 0.537455 -0.729544 0.422975 58.943795
0.689791 0.094802 -0.717775 -53.362267 0.486520 0.673498 0.556506 10.830051 0.536177 -0.733085 0.418450 58.947883
0.688420 0.093090 -0.719314 -53.367250 0.490589 0.670697 0.556317 10.834263 0.534229 -0.735867 0.416052 58.951264
0.689454 0.089660 -0.718759 -53.371933 0.494890 0.666270 0.557825 10.837421 0.528902 -0.740301 0.414990 58.952850
0.687915 0.087982 -0.720439 -53.377117 0.498751 0.663822 0.557304 10.842282 0.527276 -0.742697 0.412772 58.956141
0.688916 0.085630 -0.719766 -53.381615 0.501796 0.660230 0.558835 10.845639 0.523064 -0.746166 0.411874 58.957334
0.686807 0.084006 -0.721969 -53.385745 0.507301 0.655941 0.558916 10.849502 0.520521 -0.750123 0.407889 58.960118
0.687717 0.081032 -0.721443 -53.390593 0.508847 0.654989 0.558627 10.853433 0.517804 -0.751281 0.409214 58.961175
0.687275 0.079115 -0.722077 -53.394734 0.514953 0.648035 0.561136 10.855831 0.512325 -0.757490 0.404638 58.963045
0.684787 0.079478 -0.724396 -53.399157 0.519923 0.643241 0.562069 10.859616 0.510634 -0.761527 0.399161 58.966149
0.682324 0.078595 -0.726813 -53.404196 0.526690 0.636630 0.563294 10.863614 0.506983 -0.767154 0.392993 58.970230
0.683088 0.076019 -0.726369 -53.408814 0.528209 0.635421 0.563237 10.867330 0.504367 -0.768415 0.393894 58.971407
0.680679 0.073599 -0.728875 -53.413342 0.533362 0.632259 0.561937 10.871222 0.502196 -0.771253 0.391111 58.973583
0.680050 0.071978 -0.729624 -53.417667 0.537785 0.627423 0.563141 10.874316 0.498316 -0.775345 0.387970 58.975153
0.677409 0.072067 -0.732068 -53.422647 0.544831 0.619499 0.565138 10.877929 0.494242 -0.781683 0.380390 58.978942
0.674698 0.070102 -0.734757 -53.427398 0.549866 0.616332 0.563722 10.882316 0.492372 -0.784360 0.377291 58.981486
0.673306 0.064821 -0.736517 -53.432578 0.557200 0.610292 0.563091 10.886334 0.485991 -0.789520 0.374794 58.984101
0.669978 0.060288 -0.739929 -53.437469 0.567011 0.601796 0.562441 10.890031 0.479195 -0.796371 0.369006 58.987452
0.666040 0.055918 -0.743817 -53.442442 0.578331 0.591068 0.562292 10.893434 0.471089 -0.804681 0.361336 58.990950
0.663125 0.054620 -0.746513 -53.447020 0.583051 0.587720 0.560924 10.897084 0.469379 -0.807218 0.357885 58.993126
0.662705 0.048580 -0.747303 -53.451691 0.589287 0.581965 0.560409 10.900512 0.462128 -0.811762 0.357043 58.994125
0.664316 0.040688 -0.746343 -53.455812 0.588117 0.587802 0.555524 10.904891 0.461306 -0.807981 0.366557 58.992154
0.663692 0.038198 -0.747030 -53.460535 0.591035 0.585338 0.555030 10.908339 0.458465 -0.809889 0.365908 58.992652
0.663112 0.035577 -0.747674 -53.465250 0.593285 0.584059 0.553975 10.911622 0.456394 -0.810932 0.366189 58.993381
0.662535 0.032230 -0.748337 -53.470121 0.598503 0.577948 0.554771 10.914599 0.450380 -0.815437 0.363621 58.994509
0.662197 0.034821 -0.748520 -53.474878 0.597160 0.578902 0.555223 10.917084 0.452653 -0.814653 0.362554 58.996352
0.660962 0.030551 -0.749797 -53.478391 0.602316 0.574373 0.554357 10.919932 0.447599 -0.818023 0.361238 58.997678
0.658335 0.029382 -0.752151 -53.480519 0.606419 0.571262 0.553096 10.922659 0.445926 -0.820242 0.358264 58.999099
0.657661 0.027789 -0.752802 -53.484367 0.609462 0.567724 0.553394 10.925158 0.442762 -0.822749 0.356433 59.000194
0.657870 0.030606 -0.752509 -53.489973 0.607835 0.568382 0.554508 10.927227 0.444684 -0.822196 0.355318 59.002158
0.662403 0.029463 -0.748568 -53.495149 0.606301 0.565828 0.558783 10.927899 0.440024 -0.823997 0.356943 59.002145
0.663235 0.027715 -0.747898 -53.500112 0.607260 0.564164 0.559424 10.930101 0.437441 -0.825198 0.357343 59.003072
0.660867 0.030080 -0.749900 -53.504608 0.608879 0.562679 0.559159 10.932852 0.438772 -0.826128 0.353541 59.005663
0.660842 0.026825 -0.750046 -53.509322 0.610059 0.562913 0.557636 10.935898 0.437169 -0.826081 0.355632 59.005797
0.661023 0.024072 -0.749980 -53.513278 0.614091 0.557014 0.559131 10.937771 0.431209 -0.830154 0.353416 59.006740
0.660832 0.021096 -0.750237 -53.518249 0.615111 0.557537 0.557486 10.940538 0.430046 -0.829884 0.355462 59.007432
0.657407 0.021026 -0.753242 -53.521135 0.620724 0.551624 0.557147 10.942838 0.427222 -0.833828 0.349590 59.009375
0.657460 0.016799 -0.753302 -53.525995 0.623354 0.549509 0.556300 10.945625 0.423291 -0.835319 0.350809 59.010036
0.655212 0.016659 -0.755262 -53.530382 0.627617 0.544447 0.556485 10.948194 0.420470 -0.838630 0.346272 59.012256
0.651503 0.016830 -0.758459 -53.533791 0.632102 0.540798 0.554964 10.950817 0.419513 -0.840984 0.341693 59.014279
0.652732 0.012500 -0.757486 -53.539173 0.634307 0.537697 0.555461 10.953181 0.414241 -0.843046 0.343043 59.014542
0.650675 0.011222 -0.759273 -53.543464 0.637642 0.534894 0.554347 10.955835 0.412352 -0.844844 0.340887 59.015604
0.651620 0.005274 -0.758527 -53.548517 0.641719 0.529358 0.554956 10.958234 0.404459 -0.848382 0.341556 59.016278
0.652551 -0.003280 -0.757738 -53.554342 0.645059 0.527098 0.553232 10.961214 0.397587 -0.849798 0.346074 59.015691
0.652786 -0.006025 -0.757518 -53.559216 0.648793 0.520669 0.554952 10.963026 0.391073 -0.853737 0.343794 59.016659
0.648682 -0.008158 -0.761016 -53.562025 0.654234 0.516856 0.552121 10.966012 0.388832 -0.856033 0.340613 59.017535
0.644033 -0.001732 -0.764996 -53.565236 0.657535 0.512344 0.552405 10.967931 0.390985 -0.858778 0.331105 59.020378
0.641934 -0.004090 -0.766749 -53.569836 0.660938 0.509872 0.550628 10.970619 0.388692 -0.860240 0.330007 59.021085
0.640923 -0.007761 -0.767566 -53.574809 0.665002 0.505054 0.550175 10.972890 0.383392 -0.863053 0.328862 59.022116
0.639643 -0.011584 -0.768585 -53.579756 0.669096 0.500580 0.549300 10.975160 0.378375 -0.865613 0.327943 59.023028
0.636964 -0.011750 -0.770804 -53.583928 0.673353 0.495301 0.548883 10.977190 0.375331 -0.868642 0.323401 59.024432
0.635738 -0.020069 -0.771644 -53.589325 0.677537 0.493470 0.545372 10.979850 0.369838 -0.869531 0.327315 59.024379
0.634548 -0.024844 -0.772484 -53.594706 0.681697 0.488963 0.544247 10.982090 0.364194 -0.871951 0.327206 59.025320
0.632048 -0.026716 -0.774468 -53.599795 0.686651 0.482560 0.543734 10.984200 0.359201 -0.875455 0.323346 59.027081
0.630806 -0.033663 -0.775210 -53.605698 0.691243 0.478257 0.541713 10.986549 0.352513 -0.877575 0.324957 59.027676
0.629472 -0.040129 -0.775986 -53.611836 0.695707 0.473878 0.539844 10.988948 0.346060 -0.879676 0.326211 59.028080
0.629311 -0.046531 -0.775760 -53.618277 0.701079 0.464720 0.540854 10.990701 0.335344 -0.884234 0.325075 59.028684
0.623056 -0.046981 -0.780765 -53.623103 0.709760 0.453432 0.539110 10.993015 0.328696 -0.890052 0.315859 59.030946
0.623366 -0.065416 -0.779189 -53.631039 0.715916 0.448486 0.535093 10.995698 0.314452 -0.891393 0.326403 59.029329
0.617858 -0.059751 -0.784016 -53.635900 0.722064 0.437816 0.535669 10.997242 0.311249 -0.897077 0.313652 59.031887
0.613749 -0.070108 -0.786383 -53.641579 0.731471 0.425309 0.532975 10.999370 0.297090 -0.902329 0.312314 59.031793
0.608017 -0.072861 -0.790573 -53.646928 0.740182 0.412159 0.531277 11.001186 0.287133 -0.908194 0.304530 59.033134
0.602980 -0.081808 -0.793550 -53.653480 0.749186 0.399857 0.528048 11.003046 0.274108 -0.912920 0.302395 59.034136
0.597145 -0.096018 -0.796366 -53.660352 0.760167 0.384662 0.523623 11.004835 0.256054 -0.918050 0.302688 59.034723
0.575957 -0.070765 -0.814412 -53.668224 0.770012 0.381501 0.511408 11.024060 0.274509 -0.921656 0.274218 59.050454
0.560133 -0.061145 -0.826143 -53.671023 0.777572 0.382763 0.498873 11.030648 0.285714 -0.921821 0.261943 59.052186
0.546318 -0.056966 -0.835638 -53.676921 0.789032 0.369725 0.490644 11.035902 0.281007 -0.927393 0.246935 59.056014
0.531961 -0.063689 -0.844370 -53.683944 0.801816 0.358467 0.478113 11.042483 0.272229 -0.931367 0.241758 59.057567
0.520750 -0.061951 -0.851458 -53.691841 0.810956 0.347565 0.470690 11.047662 0.266778 -0.935607 0.231234 59.061597
0.505055 -0.061744 -0.860876 -53.699801 0.823016 0.334846 0.458827 11.053409 0.259931 -0.940248 0.219931 59.065574
0.488646 -0.052405 -0.870907 -53.707532 0.835145 0.316979 0.449507 11.058960 0.252503 -0.946984 0.198656 59.071506
0.468857 -0.051799 -0.881754 -53.714504 0.845956 0.313439 0.431409 11.066244 0.254029 -0.948195 0.190778 59.073822
0.494785 -0.051188 -0.867507 -53.716986 0.831243 0.318994 0.455279 11.060017 0.253425 -0.946373 0.200383 59.071206
0.467126 -0.044654 -0.883062 -53.722648 0.849517 0.299606 0.434231 11.068239 0.245180 -0.953018 0.177888 59.076018
0.447494 -0.031559 -0.893730 -53.728743 0.862760 0.278255 0.422161 11.073607 0.235361 -0.959989 0.151745 59.080652
0.460712 -0.015535 -0.887414 -53.731142 0.856081 0.271659 0.439690 11.069720 0.234243 -0.962268 0.138456 59.083845
0.451620 -0.013345 -0.892110 -53.737007 0.861780 0.265437 0.432295 11.073264 0.231030 -0.964036 0.131377 59.085183
0.446270 -0.004282 -0.894888 -53.742863 0.866094 0.253735 0.430696 11.075198 0.225221 -0.967264 0.116943 59.087894
0.431495 -0.006394 -0.902092 -53.744586 0.874386 0.248989 0.416478 11.081292 0.221949 -0.968485 0.113028 59.087595
0.415865 -0.018854 -0.909231 -53.748062 0.877471 0.271021 0.395718 11.085880 0.238960 -0.962389 0.129252 59.085895
0.430140 -0.022266 -0.902488 -53.743479 0.868894 0.281469 0.407184 11.081808 0.244956 -0.959312 0.140418 59.084165
0.454313 -0.020927 -0.890596 -53.739394 0.860349 0.269635 0.432547 11.075473 0.231084 -0.962735 0.140503 59.083291
0.447076 -0.026135 -0.894114 -53.740782 0.861490 0.281604 0.422533 11.077840 0.240743 -0.959175 0.148414 59.082214
0.447772 -0.027000 -0.893740 -53.742191 0.860172 0.285927 0.422316 11.078426 0.244142 -0.957871 0.151255 59.081823
0.449034 -0.010456 -0.893453 -53.744106 0.867828 0.243141 0.433310 11.078025 0.212705 -0.969935 0.118252 59.086441
0.448681 -0.022496 -0.893409 -53.744989 0.859605 0.284326 0.424545 11.079184 0.244469 -0.958464 0.146910 59.082474
0.453730 -0.003999 -0.891130 -53.745590 0.865683 0.239286 0.439699 11.077603 0.211477 -0.970941 0.112033 59.087245
0.453217 -0.005828 -0.891381 -53.746885 0.864886 0.244953 0.438144 11.078478 0.215793 -0.969517 0.116057 59.086598
0.455874 0.004322 -0.890034 -53.747434 0.868591 0.216074 0.445940 11.077912 0.194241 -0.976367 0.094748 59.089513
0.488133 -0.000489 -0.872769 -53.737348 0.848188 0.235925 0.474253 11.068404 0.205676 -0.971771 0.115578 59.086360
0.484657 -0.006459 -0.874681 -53.739046 0.849828 0.240265 0.469111 11.070230 0.207125 -0.970686 0.121935 59.085366
