1.000000 0.000000 0.000000 0.000000 0.000000 1.000000 0.000000 0.000000 0.000000 0.000000 1.000000 0.000000
0.999997 0.002241 0.000399 0.448284 -0.002241 0.999997 0.000126 0.036116 -0.000399 -0.000127 1.000000 0.091341
0.999996 0.002992 0.000138 0.916463 -0.002992 0.999995 0.000644 0.028448 -0.000136 -0.000644 1.000000 0.183171
0.999995 0.002819 -0.001074 1.421446 -0.002818 0.999996 0.000905 0.015088 0.001077 -0.000902 0.999999 0.261988
0.999991 0.002139 -0.003599 1.945787 -0.002137 0.999998 0.000566 0.016210 0.003600 -0.000558 0.999993 0.211640
0.999978 0.003425 -0.005646 2.448329 -0.003414 0.999992 0.001932 -0.012895 0.005653 -0.001912 0.999982 0.227875
0.999974 0.003543 -0.006338 2.927805 -0.003527 0.999991 0.002466 -0.026411 0.006347 -0.002444 0.999977 0.269187
0.999965 0.003884 -0.007439 3.404460 -0.003865 0.999989 0.002556 -0.030643 0.007449 -0.002527 0.999969 0.315920
0.999959 0.003294 -0.008493 3.882993 -0.003274 0.999992 0.002347 -0.027507 0.008500 -0.002319 0.999961 0.360723
0.999943 0.004017 -0.009921 4.373959 -0.003977 0.999984 0.004088 -0.074630 0.009937 -0.004048 0.999942 0.361635
0.999957 0.003035 -0.008743 4.777817 -0.003005 0.999989 0.003484 -0.069298 0.008753 -0.003458 0.999956 0.466698
0.999949 0.003069 -0.009622 5.269532 -0.003042 0.999991 0.002905 -0.049791 0.009631 -0.002876 0.999949 0.466090
0.999927 0.004452 -0.011202 5.763099 -0.004402 0.999980 0.004531 -0.091021 0.011222 -0.004481 0.999927 0.497073
0.999901 0.005611 -0.012877 6.256911 -0.005544 0.999971 0.005190 -0.113310 0.012906 -0.005118 0.999904 0.522030
0.999870 0.006191 -0.014893 6.750213 -0.006105 0.999965 0.005790 -0.130834 0.014928 -0.005699 0.999872 0.561298
0.999838 0.007526 -0.016364 7.236529 -0.007424 0.999952 0.006317 -0.153304 0.016411 -0.006195 0.999846 0.593933
0.999812 0.008550 -0.017390 7.704119 -0.008426 0.999938 0.007216 -0.185748 0.017450 -0.007068 0.999823 0.637409
0.999834 0.007346 -0.016659 8.134175 -0.007237 0.999952 0.006599 -0.172802 0.016707 -0.006477 0.999839 0.674868
0.999806 0.007306 -0.018265 8.644959 -0.007179 0.999950 0.006965 -0.179815 0.018315 -0.006833 0.999809 0.672411
0.999840 0.005912 -0.016889 9.047097 -0.005809 0.999964 0.006122 -0.158194 0.016924 -0.006023 0.999839 0.663393
0.999835 0.006718 -0.016848 9.497087 -0.006621 0.999961 0.005772 -0.138205 0.016886 -0.005659 0.999841 0.617935
0.999814 0.006097 -0.018300 9.979096 -0.005977 0.999960 0.006652 -0.167703 0.018339 -0.006542 0.999810 0.626186
0.999843 0.003143 -0.017452 10.449219 -0.003056 0.999983 0.005052 -0.126055 0.017468 -0.004998 0.999835 0.566423
0.999817 0.003439 -0.018821 10.949247 -0.003341 0.999981 0.005248 -0.129442 0.018839 -0.005184 0.999809 0.574628
0.999784 0.003278 -0.020523 11.423709 -0.003178 0.999983 0.004902 -0.118360 0.020539 -0.004836 0.999777 0.632471
0.999757 0.004034 -0.021690 11.918744 -0.003907 0.999975 0.005868 -0.154767 0.021713 -0.005782 0.999748 0.647574
0.999751 0.004161 -0.021913 12.346110 -0.004016 0.999970 0.006620 -0.182778 0.021940 -0.006530 0.999738 0.744598
0.999719 0.003126 -0.023482 12.845214 -0.003010 0.999983 0.004985 -0.128948 0.023497 -0.004913 0.999712 0.639598
0.999709 0.003826 -0.023831 13.305645 -0.003694 0.999978 0.005594 -0.155069 0.023852 -0.005505 0.999700 0.669763
0.999640 0.004901 -0.026365 13.861872 -0.004734 0.999968 0.006386 -0.178026 0.026396 -0.006259 0.999632 0.622784
0.999771 0.005563 -0.020649 14.054613 -0.005424 0.999962 0.006780 -0.193399 0.020685 -0.006666 0.999764 0.895083
0.999565 0.004380 -0.029151 14.858807 -0.004220 0.999976 0.005540 -0.166062 0.029175 -0.005415 0.999560 0.666054
0.999506 0.004426 -0.031111 15.393544 -0.004265 0.999977 0.005232 -0.158511 0.031133 -0.005097 0.999502 0.640562
0.999536 0.004978 -0.030056 15.738634 -0.004809 0.999972 0.005713 -0.166813 0.030083 -0.005566 0.999532 0.824238
0.999494 0.004691 -0.031471 16.278846 -0.004522 0.999975 0.005438 -0.163431 0.031496 -0.005293 0.999490 0.873303
0.999485 0.005399 -0.031618 16.727963 -0.005205 0.999967 0.006214 -0.191448 0.031650 -0.006046 0.999481 0.927353
0.999478 0.004251 -0.032013 17.169137 -0.004102 0.999980 0.004729 -0.153960 0.032033 -0.004595 0.999476 0.991707
0.999452 0.004541 -0.032779 17.646185 -0.004382 0.999978 0.004913 -0.163736 0.032801 -0.004767 0.999451 1.061180
0.999480 0.004098 -0.031998 18.050096 -0.003962 0.999983 0.004326 -0.138826 0.032015 -0.004197 0.999479 1.234364
0.999469 0.004217 -0.032315 18.483994 -0.004061 0.999980 0.004912 -0.164333 0.032335 -0.004778 0.999466 1.275323
0.999493 0.004666 -0.031489 18.878879 -0.004494 0.999975 0.005511 -0.183512 0.031514 -0.005367 0.999489 1.379374
0.999393 0.004643 -0.034539 19.451381 -0.004459 0.999975 0.005398 -0.189637 0.034563 -0.005241 0.999389 1.330792
0.999364 0.004788 -0.035327 19.902348 -0.004598 0.999975 0.005458 -0.191806 0.035352 -0.005292 0.999361 1.399703
0.999304 0.005711 -0.036867 20.412612 -0.005456 0.999961 0.007013 -0.273049 0.036906 -0.006807 0.999296 1.356772
0.999269 0.006040 -0.037744 20.874732 -0.005755 0.999954 0.007651 -0.306926 0.037788 -0.007428 0.999258 1.394072
0.999273 0.005788 -0.037695 21.275100 -0.005524 0.999960 0.007099 -0.277745 0.037734 -0.006885 0.999264 1.485594
0.999239 0.006128 -0.038523 21.752303 -0.005845 0.999955 0.007456 -0.294191 0.038567 -0.007225 0.999230 1.517348
0.999187 0.006641 -0.039771 22.217531 -0.006339 0.999950 0.007725 -0.301808 0.039820 -0.007467 0.999179 1.549193
0.999131 0.005897 -0.041271 22.671025 -0.005622 0.999961 0.006781 -0.256411 0.041310 -0.006543 0.999125 1.671944
0.999145 0.004614 -0.041087 23.056756 -0.004411 0.999978 0.005021 -0.176036 0.041109 -0.004836 0.999143 1.742731
0.999167 0.004916 -0.040517 23.401073 -0.004707 0.999975 0.005241 -0.183175 0.040541 -0.005046 0.999165 1.926953
0.999159 0.005152 -0.040675 23.820508 -0.004949 0.999975 0.005096 -0.171903 0.040701 -0.004890 0.999159 2.004727
0.999170 0.004580 -0.040475 24.214762 -0.004425 0.999983 0.003914 -0.113794 0.040492 -0.003732 0.999173 2.121796
0.999199 0.004383 -0.039775 24.566998 -0.004255 0.999986 0.003298 -0.082768 0.039789 -0.003127 0.999203 2.248368
0.999199 0.004482 -0.039759 24.962874 -0.004343 0.999984 0.003576 -0.102095 0.039775 -0.003400 0.999203 2.312255
0.999197 0.004183 -0.039844 25.358812 -0.004054 0.999986 0.003318 -0.099745 0.039858 -0.003153 0.999200 2.386995
0.999243 0.004069 -0.038690 25.710845 -0.003950 0.999987 0.003168 -0.095214 0.038702 -0.003013 0.999246 2.476175
0.999288 0.003770 -0.037534 26.053792 -0.003667 0.999989 0.002794 -0.083037 0.037544 -0.002655 0.999291 2.582379
0.999250 0.003315 -0.038573 26.471633 -0.003214 0.999991 0.002668 -0.078587 0.038582 -0.002542 0.999252 2.670484
0.999205 0.002882 -0.039750 26.893912 -0.002784 0.999993 0.002502 -0.075816 0.039757 -0.002389 0.999207 2.703166
0.999279 0.003146 -0.037847 27.114996 -0.003054 0.999992 0.002505 -0.077419 0.037855 -0.002387 0.999280 2.934453
0.999326 0.002196 -0.036654 27.460665 -0.002153 0.999997 0.001206 -0.025644 0.036656 -0.001126 0.999327 3.029974
0.999232 0.002409 -0.039113 28.044108 -0.002331 0.999995 0.002039 -0.077691 0.039118 -0.001946 0.999233 2.932441
0.999359 0.002610 -0.035696 28.191523 -0.002520 0.999994 0.002554 -0.109404 0.035703 -0.002463 0.999359 3.201168
0.999535 0.001698 -0.030442 28.263511 -0.001664 0.999998 0.001155 -0.035869 0.030444 -0.001104 0.999536 3.497517
0.999543 0.001024 -0.030214 28.650014 -0.001009 0.999999 0.000493 0.000997 0.030215 -0.000462 0.999543 3.599111
0.999347 0.003090 -0.035994 29.366022 -0.003023 0.999994 0.001906 -0.064149 0.036000 -0.001795 0.999350 3.368372
0.999374 0.002753 -0.035280 29.715807 -0.002663 0.999993 0.002599 -0.103391 0.035287 -0.002503 0.999374 3.320610
0.999156 0.003776 -0.040914 30.451842 -0.003623 0.999986 0.003795 -0.173528 0.040928 -0.003643 0.999155 3.155200
0.999133 0.002341 -0.041556 30.856824 -0.002232 0.999994 0.002684 -0.112048 0.041562 -0.002589 0.999133 3.208698
0.999161 0.001810 -0.040907 31.243179 -0.001716 0.999996 0.002343 -0.093315 0.040911 -0.002271 0.999160 3.219249
0.999042 0.001359 -0.043751 31.757952 -0.001287 0.999998 0.001694 -0.060221 0.043753 -0.001636 0.999041 3.240392
0.998970 0.001545 -0.045340 32.227429 -0.001490 0.999998 0.001256 -0.033872 0.045342 -0.001187 0.998971 3.221044
0.998954 0.001900 -0.045694 32.683294 -0.001823 0.999997 0.001723 -0.062228 0.045697 -0.001637 0.998954 3.128707
0.998931 0.001422 -0.046208 33.117576 -0.001357 0.999998 0.001444 -0.045052 0.046210 -0.001379 0.998931 3.133744
0.998840 0.001739 -0.048114 33.622496 -0.001661 0.999997 0.001666 -0.060953 0.048117 -0.001584 0.998840 3.181259
0.999054 0.003441 -0.043348 33.728966 -0.003340 0.999992 0.002399 -0.111731 0.043356 -0.002252 0.999057 3.336246
0.999005 0.002792 -0.044508 34.147708 -0.002702 0.999994 0.002068 -0.089418 0.044514 -0.001946 0.999007 3.393836
0.999002 0.002504 -0.044593 34.559434 -0.002416 0.999995 0.002021 -0.081644 0.044598 -0.001912 0.999003 3.403538
0.999021 0.002852 -0.044146 34.929049 -0.002763 0.999994 0.002074 -0.092035 0.044152 -0.001950 0.999023 3.415087
0.998979 0.001612 -0.045149 35.372779 -0.001549 0.999998 0.001421 -0.046043 0.045151 -0.001349 0.998979 3.450348
0.998961 0.001922 -0.045526 35.757635 -0.001868 0.999997 0.001230 -0.041814 0.045528 -0.001144 0.998962 3.502819
0.999159 0.003797 -0.040822 35.719066 -0.003712 0.999991 0.002160 -0.109845 0.040830 -0.002007 0.999164 3.806202
0.999051 0.002378 -0.043499 36.339157 -0.002286 0.999995 0.002165 -0.087115 0.043504 -0.002063 0.999051 3.697307
0.999065 0.001769 -0.043197 36.706029 -0.001673 0.999996 0.002254 -0.077803 0.043201 -0.002179 0.999064 3.734596
0.999041 0.002207 -0.043728 37.118610 -0.002119 0.999996 0.002057 -0.080887 0.043732 -0.001963 0.999041 3.774838
0.998945 0.002692 -0.045834 37.638735 -0.002599 0.999994 0.002094 -0.098658 0.045839 -0.001972 0.998947 3.767330
0.998896 0.001857 -0.046942 38.193826 -0.001781 0.999997 0.001656 -0.070732 0.046945 -0.001571 0.998896 3.643564
0.998619 0.001579 -0.052508 39.011708 -0.001472 0.999997 0.002076 -0.098201 0.052512 -0.001996 0.998618 3.575839
0.998540 0.001502 -0.053999 39.557124 -0.001376 0.999996 0.002373 -0.112816 0.054003 -0.002295 0.998538 3.543510
0.998583 0.001058 -0.053207 39.978003 -0.000911 0.999996 0.002774 -0.133167 0.053210 -0.002721 0.998580 3.372703
0.998553 0.002586 -0.053709 40.423430 -0.002473 0.999995 0.002165 -0.144478 0.053714 -0.002029 0.998554 3.419926
0.998498 0.002013 -0.054745 40.941593 -0.001887 0.999995 0.002353 -0.143872 0.054750 -0.002247 0.998498 3.343898
0.998496 0.001859 -0.054786 41.459938 -0.001724 0.999995 0.002500 -0.155220 0.054790 -0.002402 0.998495 3.237399
0.998282 0.000197 -0.058593 42.052594 0.000021 0.999993 0.003718 -0.172391 0.058593 -0.003713 0.998275 3.263586
0.998294 0.000257 -0.058393 42.552858 -0.000018 0.999992 0.004090 -0.196473 0.058393 -0.004082 0.998285 3.173772
0.998112 0.000166 -0.061424 43.178202 0.000069 0.999993 0.003825 -0.196166 0.061425 -0.003822 0.998104 3.130152
0.997918 -0.000100 -0.064490 43.769632 0.000398 0.999989 0.004615 -0.219612 0.064489 -0.004631 0.997908 3.149316
0.997808 -0.000959 -0.066176 44.344312 0.001360 0.999981 0.006016 -0.278965 0.066169 -0.006093 0.997790 3.028517
0.997723 -0.000804 -0.067439 44.912666 0.001255 0.999977 0.006647 -0.305918 0.067432 -0.006717 0.997701 2.996420
0.997600 -0.000510 -0.069234 45.499185 0.000963 0.999978 0.006519 -0.320069 0.069229 -0.006570 0.997579 2.965528
0.997446 -0.001083 -0.071423 46.121868 0.001561 0.999977 0.006644 -0.323845 0.071414 -0.006738 0.997424 2.966791
0.997008 -0.001222 -0.077290 46.802885 0.001738 0.999977 0.006610 -0.306881 0.077280 -0.006725 0.996987 3.075180
0.996919 -0.001423 -0.078430 47.378981 0.002011 0.999971 0.007409 -0.345131 0.078417 -0.007544 0.996892 3.000873
0.996664 -0.002106 -0.081587 48.019831 0.002744 0.999966 0.007717 -0.348816 0.081568 -0.007915 0.996636 3.016460
0.996456 -0.001841 -0.084093 48.632515 0.002440 0.999972 0.007020 -0.333162 0.084078 -0.007201 0.996433 3.111664
0.996801 0.000604 -0.079926 49.168725 -0.000013 0.999973 0.007400 -0.439490 0.079928 -0.007375 0.996773 2.673861
0.996049 -0.000237 -0.088809 49.898916 0.000816 0.999979 0.006476 -0.363855 0.088805 -0.006523 0.996028 3.092656
0.995701 -0.002546 -0.092592 50.551075 0.003285 0.999964 0.007826 -0.360794 0.092569 -0.008097 0.995673 3.192808
0.995503 -0.002443 -0.094698 51.184467 0.003231 0.999961 0.008168 -0.380501 0.094674 -0.008437 0.995473 3.150080
0.995277 -0.001064 -0.097071 51.806626 0.001764 0.999973 0.007123 -0.379036 0.097061 -0.007261 0.995252 3.150355
0.994825 -0.003193 -0.101551 52.478799 0.004143 0.999950 0.009139 -0.405780 0.101517 -0.009512 0.994788 3.211964
0.994407 -0.002875 -0.105579 53.114100 0.003807 0.999956 0.008629 -0.380838 0.105550 -0.008983 0.994373 3.374338
0.994230 -0.003539 -0.107212 53.782346 0.004580 0.999945 0.009463 -0.400666 0.107173 -0.009899 0.994191 3.358209
0.993870 -0.004316 -0.110472 54.430239 0.005499 0.999931 0.010411 -0.399286 0.110420 -0.010954 0.993825 3.443180
0.993479 -0.006962 -0.113805 55.090014 0.008458 0.999884 0.012664 -0.410583 0.113703 -0.013544 0.993422 3.524770
0.993142 -0.009646 -0.116513 55.731073 0.011485 0.999820 0.015120 -0.410627 0.116347 -0.016355 0.993074 3.630548
0.992837 -0.008057 -0.119209 56.368773 0.009766 0.999858 0.013758 -0.397335 0.119081 -0.014824 0.992774 3.737167
0.992555 -0.008751 -0.121485 56.992722 0.010665 0.999829 0.015108 -0.392452 0.121332 -0.016291 0.992478 3.853646
0.992689 -0.007799 -0.120444 57.588069 0.009746 0.999831 0.015580 -0.387120 0.120302 -0.016640 0.992598 3.943751
0.992685 -0.008164 -0.120455 58.207574 0.009833 0.999864 0.013268 -0.367974 0.120331 -0.014356 0.992630 4.005310
0.992317 -0.007468 -0.123498 58.794708 0.009309 0.999854 0.014335 -0.353819 0.123373 -0.015374 0.992241 4.140906
0.992255 -0.009203 -0.123876 59.409906 0.011184 0.999820 0.015302 -0.341194 0.123713 -0.016569 0.992180 4.223303
0.992137 -0.008004 -0.124897 60.007811 0.010212 0.999802 0.017049 -0.348402 0.124736 -0.018190 0.992023 4.321440
0.992168 -0.007299 -0.124701 60.586435 0.009575 0.999798 0.017660 -0.340664 0.124547 -0.018716 0.992037 4.420012
0.991670 -0.012718 -0.128173 61.217088 0.014846 0.999767 0.015659 -0.296069 0.127944 -0.017432 0.991628 4.517545
0.991628 -0.010852 -0.128669 61.803068 0.013132 0.999771 0.016881 -0.302930 0.128456 -0.018429 0.991544 4.605659
0.991607 -0.009700 -0.128924 62.382321 0.011845 0.999804 0.015879 -0.289729 0.128745 -0.017273 0.991527 4.702551
0.991411 -0.011286 -0.130299 62.956124 0.013270 0.999809 0.014369 -0.257933 0.130112 -0.015975 0.991371 4.815700
0.991805 -0.011134 -0.127276 63.476832 0.012848 0.999837 0.012658 -0.219287 0.127115 -0.014189 0.991787 4.926665
0.991972 -0.011388 -0.125944 64.027226 0.012970 0.999847 0.011747 -0.200861 0.125791 -0.013286 0.991968 5.017319
0.992030 -0.010517 -0.125565 64.564444 0.011947 0.999872 0.010642 -0.176833 0.125437 -0.012057 0.992028 5.109958
0.992651 -0.009695 -0.120623 65.059869 0.011042 0.999884 0.010504 -0.167001 0.120507 -0.011758 0.992643 5.170643
0.992540 -0.007081 -0.121714 65.606474 0.008069 0.999938 0.007621 -0.138356 0.121652 -0.008546 0.992536 5.249153
0.993087 -0.005685 -0.117247 66.109991 0.006526 0.999956 0.006785 -0.126648 0.117203 -0.007503 0.993080 5.314123
0.993431 -0.005307 -0.114314 66.633173 0.006079 0.999961 0.006408 -0.120114 0.114275 -0.007060 0.993424 5.373590
0.993450 -0.007225 -0.114038 67.168654 0.008283 0.999927 0.008807 -0.130865 0.113966 -0.009694 0.993437 5.450232
0.993714 -0.004162 -0.111875 67.693044 0.004984 0.999963 0.007067 -0.132548 0.111841 -0.007580 0.993697 5.447290
0.993971 -0.003443 -0.109592 68.218457 0.004142 0.999973 0.006146 -0.118808 0.109568 -0.006563 0.993958 5.514910
0.993998 -0.004175 -0.109319 68.762574 0.005016 0.999960 0.007421 -0.125724 0.109283 -0.007925 0.993979 5.564910
0.994018 -0.002347 -0.109195 69.295709 0.003142 0.999970 0.007107 -0.118540 0.109175 -0.007408 0.993995 5.644495
0.994738 -0.003298 -0.102400 69.811251 0.004361 0.999939 0.010159 -0.145468 0.102360 -0.010552 0.994691 5.643030
0.994762 -0.001235 -0.102206 70.355823 0.002326 0.999941 0.010564 -0.144902 0.102187 -0.010746 0.994707 5.702858
0.995076 -0.000739 -0.099108 70.880718 0.001759 0.999946 0.010210 -0.144830 0.099095 -0.010335 0.995024 5.751521
0.995634 0.002166 -0.093317 71.390679 -0.000969 0.999917 0.012868 -0.168745 0.093337 -0.012722 0.995553 5.784374
0.995642 0.000514 -0.093252 71.916458 0.000642 0.999923 0.012362 -0.151963 0.093251 -0.012368 0.995566 5.862001
0.995628 0.000749 -0.093409 72.477568 0.000179 0.999951 0.009928 -0.141866 0.093412 -0.009902 0.995578 5.889573
0.995641 0.000744 -0.093269 73.033430 0.000396 0.999925 0.012201 -0.160030 0.093271 -0.012185 0.995566 5.929191
0.995916 0.001619 -0.090271 73.553841 -0.000563 0.999931 0.011719 -0.162291 0.090284 -0.011620 0.995848 5.983859
0.996592 0.002947 -0.082430 74.032676 -0.001713 0.999886 0.015032 -0.187833 0.082465 -0.014840 0.996483 6.020284
0.997324 0.005126 -0.072933 74.487521 -0.003976 0.999866 0.015899 -0.197778 0.073004 -0.015567 0.997210 6.046380
0.997472 0.006553 -0.070751 75.028584 -0.005442 0.999859 0.015894 -0.215336 0.070846 -0.015468 0.997367 6.046946
0.998201 0.007534 -0.059483 75.487937 -0.006534 0.999835 0.016978 -0.226694 0.059601 -0.016559 0.998085 6.053166
0.998346 0.009508 -0.056696 76.030051 -0.008594 0.999830 0.016337 -0.241461 0.056842 -0.015822 0.998258 6.055137
0.998352 0.012459 -0.056018 76.592514 -0.011573 0.999803 0.016126 -0.258524 0.056208 -0.015451 0.998300 6.063059
0.998744 0.016822 -0.047187 77.021665 -0.016183 0.999773 0.013885 -0.255902 0.047409 -0.013104 0.998790 6.033855
0.998953 0.016164 -0.042797 77.542079 -0.015401 0.999718 0.018089 -0.293822 0.043077 -0.017411 0.998920 6.032580
0.999285 0.015302 -0.034578 78.056130 -0.014696 0.999735 0.017704 -0.313093 0.034839 -0.017184 0.999245 6.021202
0.999401 0.014553 -0.031390 78.599805 -0.013976 0.999731 0.018528 -0.347057 0.031651 -0.018078 0.999335 6.015719
0.999579 0.014393 -0.025199 79.130725 -0.013878 0.999694 0.020493 -0.389486 0.025486 -0.020134 0.999472 5.980576
0.999659 0.016871 -0.019918 79.671927 -0.016450 0.999642 0.021125 -0.423255 0.020267 -0.020790 0.999578 5.936219
0.999722 0.016499 -0.016855 80.248089 -0.016135 0.999639 0.021474 -0.460573 0.017203 -0.021196 0.999627 5.864195
0.999735 0.017730 -0.014710 80.834674 -0.017410 0.999616 0.021579 -0.489450 0.015087 -0.021317 0.999659 5.833507
0.999791 0.016616 -0.011895 81.431056 -0.016328 0.999579 0.023978 -0.528979 0.012288 -0.023779 0.999642 5.786989
0.999818 0.018324 -0.005244 82.018612 -0.018191 0.999537 0.024409 -0.571961 0.005689 -0.024309 0.999688 5.720101
0.999752 0.022236 -0.000959 82.621237 -0.022205 0.999446 0.024774 -0.619861 0.001509 -0.024746 0.999693 5.657412
0.999783 0.020795 0.001108 83.264719 -0.020815 0.999513 0.023263 -0.644644 -0.000624 -0.023281 0.999729 5.594192
0.999756 0.021730 0.004006 83.914718 -0.021825 0.999437 0.025492 -0.701971 -0.003450 -0.025573 0.999667 5.520300
0.999751 0.021857 0.004421 84.598546 -0.021970 0.999379 0.027559 -0.751609 -0.003816 -0.027649 0.999610 5.462082
0.999730 0.022552 0.005666 85.282540 -0.022711 0.999298 0.029805 -0.809861 -0.004990 -0.029925 0.999540 5.406414
0.999588 0.023510 0.016448 85.872610 -0.023960 0.999328 0.027734 -0.815615 -0.015785 -0.028116 0.999480 5.349376
0.999548 0.026388 0.014388 86.596219 -0.026808 0.999195 0.029836 -0.883984 -0.013589 -0.030209 0.999451 5.285392
0.999641 0.024058 0.011778 87.384553 -0.024460 0.999076 0.035348 -0.991677 -0.010916 -0.035624 0.999306 5.206209
0.999613 0.025311 0.011566 88.147128 -0.025723 0.998986 0.036947 -1.053364 -0.010620 -0.037230 0.999250 5.124102
0.999624 0.024009 0.013257 88.849598 -0.024480 0.999031 0.036581 -1.068531 -0.012366 -0.036892 0.999243 5.099068
0.999542 0.026642 0.014332 89.585483 -0.027142 0.998986 0.035923 -1.076010 -0.013360 -0.036296 0.999252 5.026107
0.999382 0.028827 0.020134 90.257518 -0.029515 0.998960 0.034755 -1.106383 -0.019112 -0.035328 0.999193 4.960793
0.999374 0.029924 0.018865 91.016212 -0.030595 0.998870 0.036361 -1.156482 -0.017755 -0.036916 0.999161 4.860939
0.999440 0.028540 0.017474 91.834036 -0.029162 0.998910 0.036438 -1.179165 -0.016415 -0.036927 0.999183 4.831359
0.999530 0.028241 0.011918 92.675091 -0.028640 0.998984 0.034792 -1.174500 -0.010923 -0.035117 0.999324 4.831921
0.999631 0.026076 0.007617 93.535077 -0.026334 0.999007 0.035949 -1.215372 -0.006672 -0.036136 0.999325 4.812954
0.999673 0.025442 0.002689 94.386775 -0.025520 0.999073 0.034677 -1.215978 -0.001804 -0.034735 0.999395 4.805724
0.999650 0.026393 0.001750 95.167831 -0.026437 0.999099 0.033196 -1.220763 -0.000873 -0.033231 0.999447 4.808523
0.999639 0.026863 0.000610 95.968266 -0.026869 0.999169 0.030651 -1.215611 0.000214 -0.030656 0.999530 4.792796
0.999639 0.026794 -0.002107 96.785677 -0.026715 0.999146 0.031526 -1.243424 0.002950 -0.031458 0.999501 4.805841
0.999647 0.026003 -0.005488 97.614412 -0.025817 0.999166 0.031643 -1.260795 0.006306 -0.031490 0.999484 4.823079
0.999660 0.025500 -0.005518 98.391446 -0.025298 0.999101 0.034028 -1.306477 0.006381 -0.033877 0.999406 4.831547
0.999636 0.026876 -0.002306 99.171327 -0.026785 0.999088 0.033261 -1.354420 0.003198 -0.033187 0.999444 4.733755
0.999656 0.023956 -0.010724 100.046372 -0.023525 0.998978 0.038607 -1.418909 0.011637 -0.038341 0.999197 4.818746
0.999709 0.022658 -0.008238 100.792815 -0.022328 0.999020 0.038228 -1.412838 0.009096 -0.038033 0.999235 4.869990
0.999628 0.024797 -0.011335 101.606775 -0.024346 0.998968 0.038331 -1.433323 0.012274 -0.038041 0.999201 4.908571
0.999653 0.025725 -0.005710 102.295151 -0.025489 0.998951 0.038047 -1.440249 0.006683 -0.037888 0.999260 4.930078
0.999634 0.025384 -0.009383 103.079061 -0.025003 0.998939 0.038662 -1.442887 0.010355 -0.038414 0.999208 5.019567
0.999578 0.026593 -0.011665 103.839222 -0.026131 0.998932 0.038107 -1.442232 0.012666 -0.037786 0.999206 5.078594
0.999577 0.027332 -0.009957 104.548883 -0.026933 0.998904 0.038283 -1.451158 0.010992 -0.037998 0.999217 5.118454
0.999543 0.030034 -0.003489 105.184719 -0.029882 0.998841 0.037741 -1.443271 0.004619 -0.037620 0.999281 5.181707
0.999556 0.029055 -0.006555 105.969672 -0.028789 0.998877 0.037619 -1.468522 0.007641 -0.037414 0.999271 5.186024
0.999490 0.031671 -0.004192 106.654449 -0.031497 0.998838 0.036472 -1.469469 0.005342 -0.036322 0.999326 5.229045
0.999457 0.032875 -0.002061 107.343313 -0.032781 0.998836 0.035386 -1.485872 0.003221 -0.035300 0.999372 5.236000
0.999342 0.035530 0.007348 107.913528 -0.035767 0.998742 0.035136 -1.506027 -0.006091 -0.035376 0.999356 5.229730
0.999304 0.036474 0.007856 108.638941 -0.036731 0.998693 0.035531 -1.552074 -0.006549 -0.035794 0.999338 5.229795
0.999314 0.035490 0.010565 109.300050 -0.035840 0.998742 0.035084 -1.565965 -0.009307 -0.035438 0.999329 5.248487
0.999140 0.034714 0.022653 109.845556 -0.035472 0.998794 0.033944 -1.588463 -0.021448 -0.034718 0.999167 5.110362
0.998907 0.036791 0.028827 110.474741 -0.037802 0.998660 0.035335 -1.658929 -0.027488 -0.036386 0.998960 5.079887
0.999002 0.035975 0.026468 111.196274 -0.036887 0.998712 0.034836 -1.651969 -0.025181 -0.035778 0.999042 5.112688
0.998647 0.039475 0.033863 111.826729 -0.040692 0.998521 0.036048 -1.741231 -0.032390 -0.037377 0.998776 4.976452
0.998568 0.039310 0.036283 112.496511 -0.040605 0.998539 0.035663 -1.761681 -0.034828 -0.037086 0.998705 4.965576
0.998467 0.038786 0.039500 113.189352 -0.040234 0.998522 0.036543 -1.832410 -0.038025 -0.038076 0.998551 4.856182
0.998413 0.037929 0.041616 113.881317 -0.039523 0.998489 0.038187 -1.883632 -0.040105 -0.039771 0.998404 4.802415
0.998208 0.039641 0.044832 114.587600 -0.041417 0.998365 0.039405 -1.954706 -0.043197 -0.041191 0.998217 4.698740
0.997895 0.042320 0.049132 115.281142 -0.044340 0.998183 0.040790 -2.039158 -0.047317 -0.042883 0.997959 4.582223
0.997846 0.041432 0.050869 116.019611 -0.043621 0.998135 0.042697 -2.105644 -0.049005 -0.044824 0.997792 4.501819
0.997532 0.042589 0.055821 116.742684 -0.045067 0.998018 0.043914 -2.180701 -0.053840 -0.046322 0.997475 4.398536
0.997576 0.043392 0.054395 117.520922 -0.045793 0.997995 0.043699 -2.217216 -0.052390 -0.046084 0.997563 4.342704
0.997475 0.043954 0.055781 118.294359 -0.046428 0.997958 0.043863 -2.275828 -0.053740 -0.046342 0.997479 4.253978
0.997339 0.044003 0.058132 119.060893 -0.046584 0.997953 0.043808 -2.328304 -0.056085 -0.046400 0.997347 4.141366
0.997101 0.044167 0.061962 119.827721 -0.046947 0.997921 0.044148 -2.389317 -0.059883 -0.046929 0.997102 4.056824
0.996798 0.047582 0.064269 120.590425 -0.050723 0.997551 0.048161 -2.491674 -0.061820 -0.051267 0.996770 3.990837
0.996714 0.047446 0.065651 121.387917 -0.050678 0.997538 0.048479 -2.550546 -0.063190 -0.051647 0.996664 3.893961
0.996488 0.048676 0.068130 122.187923 -0.052086 0.997430 0.049204 -2.631832 -0.065559 -0.052580 0.996462 3.763303
0.996665 0.048343 0.065746 123.061046 -0.051582 0.997491 0.048497 -2.679863 -0.063237 -0.051726 0.996657 3.683677
0.996324 0.049416 0.069980 123.830589 -0.052838 0.997453 0.047922 -2.722764 -0.067433 -0.051443 0.996397 3.544870
0.995656 0.052446 0.076928 124.533573 -0.056138 0.997333 0.046636 -2.753947 -0.074277 -0.050752 0.995945 3.409031
0.995713 0.053471 0.075478 125.408529 -0.057259 0.997159 0.048949 -2.853547 -0.072646 -0.053061 0.995945 3.309320
0.995538 0.053675 0.077603 126.234676 -0.057647 0.997091 0.049874 -2.931887 -0.074700 -0.054125 0.995736 3.194600
0.995173 0.056941 0.079932 127.060184 -0.061071 0.996870 0.050211 -3.017311 -0.076823 -0.054850 0.995535 3.044440
0.995026 0.057665 0.081232 127.910034 -0.062072 0.996673 0.052819 -3.133556 -0.077916 -0.057599 0.995295 2.904535
0.995424 0.054647 0.078395 128.871928 -0.058949 0.996818 0.053651 -3.227923 -0.075213 -0.058027 0.995478 2.778076
0.995307 0.054168 0.080184 129.736157 -0.058744 0.996710 0.055845 -3.359156 -0.076895 -0.060293 0.995214 2.596271
0.995547 0.053424 0.077664 130.709304 -0.057906 0.996713 0.056660 -3.436411 -0.074381 -0.060905 0.995368 2.484801
0.995457 0.053931 0.078469 131.613768 -0.058555 0.996605 0.057876 -3.552801 -0.075081 -0.062208 0.995235 2.300246
0.995738 0.052626 0.075739 132.602019 -0.057018 0.996742 0.057041 -3.600962 -0.072490 -0.061116 0.995495 2.222109
0.995798 0.054889 0.073299 133.576393 -0.059160 0.996596 0.057422 -3.655136 -0.069898 -0.061517 0.995656 2.154904
0.996024 0.053118 0.071516 134.576504 -0.057519 0.996482 0.060952 -3.815085 -0.068026 -0.064823 0.995575 1.966708
0.995752 0.055100 0.073764 135.507428 -0.059626 0.996377 0.060643 -3.894797 -0.070156 -0.064784 0.995430 1.835181
0.995786 0.055552 0.072974 136.495604 -0.060150 0.996237 0.062394 -4.007177 -0.069233 -0.066520 0.995380 1.710299
0.996185 0.053703 0.068789 137.527702 -0.058128 0.996254 0.064022 -4.071176 -0.065093 -0.067777 0.995575 1.684144
0.996307 0.054299 0.066512 138.535924 -0.058515 0.996285 0.063185 -4.125341 -0.062834 -0.066843 0.995783 1.608620
0.996605 0.053945 0.062195 139.580793 -0.058037 0.996131 0.065987 -4.224304 -0.058395 -0.069373 0.995880 1.571430
0.996826 0.054046 0.058460 140.666502 -0.058079 0.995880 0.069643 -4.369789 -0.054455 -0.072817 0.995858 1.461260
0.996910 0.054428 0.056633 141.663184 -0.058338 0.995850 0.069849 -4.424537 -0.052597 -0.072937 0.995949 1.439933
0.996992 0.052935 0.056617 142.621166 -0.056718 0.996111 0.067426 -4.418283 -0.052827 -0.070435 0.996117 1.415071
0.997094 0.054359 0.053369 143.655958 -0.057965 0.995965 0.068515 -4.495810 -0.049429 -0.071409 0.996222 1.374357
0.997257 0.053597 0.051046 144.671868 -0.057046 0.996005 0.068704 -4.545676 -0.047159 -0.071428 0.996330 1.343535
0.997475 0.053568 0.046633 145.732532 -0.056729 0.995979 0.069336 -4.611167 -0.042731 -0.071806 0.996503 1.321625
0.997520 0.053672 0.045521 146.708678 -0.056701 0.996068 0.068070 -4.631223 -0.041689 -0.070483 0.996641 1.281564
0.997596 0.053940 0.043496 147.712232 -0.056827 0.996057 0.068122 -4.678912 -0.039650 -0.070430 0.996728 1.244161
0.997300 0.055118 0.048531 148.519344 -0.058396 0.995912 0.068919 -4.783428 -0.044534 -0.071567 0.996441 1.034607
0.997425 0.055854 0.044982 149.558575 -0.058870 0.995893 0.068783 -4.824734 -0.040955 -0.071254 0.996617 1.041138
0.997117 0.056629 0.050514 150.393006 -0.060184 0.995595 0.071887 -4.983053 -0.046221 -0.074719 0.996133 0.901467
0.997276 0.056251 0.047704 151.409644 -0.059557 0.995699 0.070966 -5.021953 -0.043507 -0.073613 0.996337 0.884081
0.997238 0.056535 0.048167 152.372597 -0.059915 0.995611 0.071891 -5.114606 -0.043891 -0.074578 0.996249 0.827692
0.997297 0.055571 0.048065 153.363070 -0.058932 0.995692 0.071592 -5.129105 -0.043879 -0.074231 0.996275 0.853642
0.997010 0.059471 0.049329 154.297183 -0.062838 0.995582 0.069766 -5.204828 -0.044962 -0.072657 0.996343 0.720737
0.997313 0.056406 0.046736 155.305265 -0.059691 0.995605 0.072158 -5.261385 -0.042461 -0.074754 0.996298 0.756954
0.997412 0.056099 0.044972 156.299902 -0.059233 0.995666 0.071695 -5.313190 -0.040755 -0.074173 0.996412 0.716749
0.997719 0.052487 0.042460 157.315881 -0.055602 0.995566 0.075869 -5.417396 -0.038290 -0.078057 0.996213 0.703982
0.997854 0.050905 0.041180 158.311590 -0.053916 0.995675 0.075656 -5.460954 -0.037151 -0.077714 0.996283 0.681206
0.997675 0.053318 0.042457 159.250111 -0.056368 0.995648 0.074215 -5.510438 -0.038316 -0.076436 0.996338 0.633513
0.997719 0.052849 0.041995 160.210040 -0.055863 0.995681 0.074154 -5.532506 -0.037895 -0.076331 0.996362 0.666531
0.997635 0.054325 0.042111 161.176706 -0.057407 0.995469 0.075806 -5.618051 -0.037802 -0.078044 0.996233 0.594034
0.996937 0.057302 0.053218 161.935983 -0.061159 0.995386 0.073931 -5.628526 -0.048736 -0.076959 0.995842 0.602498
0.997424 0.055090 0.045933 163.007683 -0.058398 0.995539 0.074102 -5.689843 -0.041646 -0.076594 0.996192 0.566008
0.997324 0.055449 0.047656 163.935379 -0.058910 0.995474 0.074571 -5.744204 -0.043305 -0.077179 0.996076 0.534136
0.997248 0.058120 0.046022 164.878371 -0.061490 0.995245 0.075545 -5.805252 -0.041413 -0.078167 0.996080 0.553538
0.997159 0.058992 0.046842 165.829886 -0.062426 0.995182 0.075601 -5.883721 -0.042156 -0.078311 0.996037 0.452218
0.997224 0.057429 0.047390 166.773273 -0.060896 0.995301 0.075288 -5.927640 -0.042844 -0.077965 0.996035 0.410730
0.997007 0.058513 0.050521 167.651636 -0.062245 0.995180 0.075776 -5.987200 -0.045844 -0.078694 0.995844 0.393688
0.996819 0.060881 0.051428 168.559373 -0.064699 0.994993 0.076179 -6.048614 -0.046532 -0.079264 0.995767 0.375516
0.996879 0.060878 0.050265 169.538889 -0.064538 0.995114 0.074719 -6.110969 -0.045471 -0.077729 0.995937 0.285769
0.996806 0.060924 0.051633 170.450623 -0.064645 0.995179 0.073756 -6.153869 -0.046890 -0.076858 0.995939 0.235153
0.996832 0.060993 0.051054 171.407389 -0.064665 0.995185 0.073656 -6.207009 -0.046316 -0.076724 0.995976 0.185253
0.996970 0.060182 0.049294 172.390424 -0.063628 0.995401 0.071606 -6.238027 -0.044758 -0.074526 0.996214 0.143864
0.996821 0.060993 0.051255 173.309168 -0.064660 0.995216 0.073243 -6.333858 -0.046543 -0.076324 0.995996 0.093051
0.996644 0.062579 0.052761 174.208934 -0.066275 0.995237 0.071488 -6.381553 -0.048036 -0.074745 0.996045 -0.027399
0.996712 0.061897 0.052278 175.150900 -0.065573 0.995261 0.071798 -6.465912 -0.047586 -0.074990 0.996048 -0.137242
0.996825 0.060917 0.051265 176.117002 -0.064565 0.995253 0.072814 -6.527481 -0.046587 -0.075893 0.996027 -0.130086
0.996680 0.060572 0.054409 177.036158 -0.064484 0.995226 0.073261 -6.613440 -0.049712 -0.076527 0.995827 -0.237027
0.996904 0.058603 0.052419 178.034191 -0.062437 0.995244 0.074775 -6.678812 -0.047787 -0.077816 0.995822 -0.236932
0.996931 0.058943 0.051518 178.984795 -0.062616 0.995374 0.072866 -6.699387 -0.046985 -0.075868 0.996010 -0.254548
0.996903 0.058710 0.052321 179.944613 -0.062521 0.995263 0.074455 -6.801561 -0.047702 -0.077496 0.995851 -0.354748
0.996954 0.058012 0.052121 180.894269 -0.061801 0.995319 0.074300 -6.847123 -0.047567 -0.077295 0.995873 -0.391727
0.996794 0.060249 0.052649 181.852495 -0.064073 0.995179 0.074252 -6.918394 -0.047921 -0.077387 0.995849 -0.453831
0.996775 0.060155 0.053121 182.787601 -0.064060 0.995112 0.075157 -6.984977 -0.048340 -0.078317 0.995756 -0.483982
0.996800 0.059810 0.053026 183.743051 -0.063703 0.995143 0.075045 -7.043137 -0.048280 -0.078183 0.995769 -0.522118
0.996763 0.060530 0.052903 184.681033 -0.064386 0.995140 0.074506 -7.096664 -0.048136 -0.077671 0.995816 -0.561964
0.996583 0.061347 0.055300 185.592966 -0.065355 0.995126 0.073838 -7.153610 -0.050501 -0.077200 0.995736 -0.612042
0.996753 0.059749 0.053985 186.594407 -0.063737 0.995110 0.075459 -7.252863 -0.049212 -0.078655 0.995687 -0.704734
0.996669 0.059752 0.055509 187.522815 -0.063843 0.995130 0.075102 -7.316626 -0.050751 -0.078395 0.995630 -0.755824
0.996646 0.060595 0.054995 188.494079 -0.064693 0.995001 0.076078 -7.397602 -0.050110 -0.079381 0.995584 -0.799975
0.996649 0.060719 0.054801 189.459234 -0.064873 0.994879 0.077510 -7.485299 -0.049814 -0.080805 0.995484 -0.862181
0.996402 0.062298 0.057463 190.366294 -0.066651 0.994783 0.077231 -7.544296 -0.052351 -0.080783 0.995356 -0.900544
0.996433 0.062619 0.056577 191.356663 -0.066894 0.994774 0.077131 -7.609218 -0.051451 -0.080641 0.995414 -0.952991
0.996439 0.061645 0.057532 192.320517 -0.065914 0.994963 0.075521 -7.639463 -0.052587 -0.079044 0.995483 -1.001264
0.996555 0.061603 0.055520 193.347221 -0.065688 0.995014 0.075042 -7.686212 -0.050621 -0.078431 0.995634 -1.060857
0.996457 0.062638 0.056129 194.296678 -0.066770 0.994942 0.075049 -7.774722 -0.051144 -0.078531 0.995599 -1.181771
0.996461 0.062925 0.055732 195.279962 -0.067052 0.994883 0.075577 -7.858499 -0.050691 -0.079047 0.995581 -1.248583
0.996530 0.061598 0.055988 196.250786 -0.065712 0.995024 0.074895 -7.905116 -0.051096 -0.078315 0.995618 -1.287871
0.996230 0.063183 0.059444 197.138319 -0.067569 0.994897 0.074935 -8.002837 -0.054406 -0.078669 0.995415 -1.423763
0.996498 0.061972 0.056139 198.190866 -0.066080 0.995026 0.074536 -8.060083 -0.051241 -0.077985 0.995637 -1.453124
0.996603 0.060766 0.055593 199.172092 -0.064826 0.995120 0.074386 -8.110501 -0.050802 -0.077737 0.995679 -1.481865
0.996648 0.059607 0.056036 200.161211 -0.063687 0.995217 0.074079 -8.184235 -0.051352 -0.077400 0.995677 -1.575180
0.996588 0.059506 0.057200 201.117683 -0.063744 0.995117 0.075353 -8.296337 -0.052437 -0.078742 0.995515 -1.680687
0.996601 0.059686 0.056781 202.108786 -0.063887 0.995112 0.075304 -8.369165 -0.052009 -0.078675 0.995543 -1.749999
0.996664 0.060740 0.054520 203.129711 -0.064745 0.995081 0.074977 -8.422429 -0.049698 -0.078256 0.995694 -1.799281
0.996836 0.060754 0.051248 204.190348 -0.064487 0.995123 0.074649 -8.481297 -0.046463 -0.077717 0.995892 -1.873406
0.996798 0.060150 0.052677 205.158593 -0.063947 0.995233 0.073640 -8.516682 -0.047996 -0.076773 0.995893 -1.918806
0.996766 0.059777 0.053710 206.120364 -0.063687 0.995200 0.074303 -8.595674 -0.049010 -0.077483 0.995788 -1.980031
0.996785 0.059777 0.053359 207.120126 -0.063659 0.995203 0.074286 -8.654891 -0.048662 -0.077444 0.995808 -2.022287
0.996981 0.059168 0.050285 208.181564 -0.062740 0.995378 0.072709 -8.673103 -0.045751 -0.075644 0.996085 -2.053113
0.996760 0.060857 0.052602 209.108682 -0.064618 0.995234 0.073033 -8.735247 -0.047906 -0.076195 0.995941 -2.094420
0.996639 0.061628 0.053965 210.053815 -0.065572 0.995051 0.074658 -8.830860 -0.049097 -0.077945 0.995748 -2.111391
0.996502 0.062650 0.055309 211.006183 -0.066699 0.994974 0.074682 -8.889181 -0.050352 -0.078110 0.995672 -2.142869
0.996558 0.061426 0.055660 212.011073 -0.065388 0.995230 0.072396 -8.906770 -0.050947 -0.075786 0.995822 -2.185636
0.996668 0.061939 0.053068 213.055738 -0.065716 0.995190 0.072652 -8.944497 -0.048312 -0.075897 0.995945 -2.143604
0.996294 0.063413 0.058118 213.919319 -0.067621 0.994996 0.073558 -9.046875 -0.053163 -0.077215 0.995596 -2.240065
0.996332 0.061639 0.059357 214.886737 -0.065801 0.995309 0.070922 -9.061663 -0.054707 -0.074567 0.995714 -2.325364
0.996102 0.062772 0.061974 215.795730 -0.067208 0.995116 0.072306 -9.187872 -0.057133 -0.076189 0.995455 -2.458074
0.995901 0.062566 0.065318 216.726927 -0.067296 0.995064 0.072924 -9.261492 -0.060433 -0.077021 0.995196 -2.491844
0.995984 0.062188 0.064403 217.733655 -0.066983 0.994917 0.075188 -9.359956 -0.059400 -0.079200 0.995087 -2.533212
0.995741 0.062751 0.067551 218.671833 -0.067852 0.994791 0.076071 -9.464424 -0.062425 -0.080330 0.994812 -2.642721
0.995796 0.063599 0.065925 219.689697 -0.068519 0.994807 0.075261 -9.521083 -0.060796 -0.079461 0.994982 -2.701114
0.995697 0.064654 0.066392 220.656816 -0.069612 0.994729 0.075295 -9.597585 -0.061174 -0.079592 0.994949 -2.769264
0.995748 0.063345 0.066881 221.639792 -0.068468 0.994652 0.077326 -9.726170 -0.061625 -0.081576 0.994760 -2.902447
0.995249 0.063656 0.073673 222.529182 -0.069325 0.994608 0.077133 -9.815310 -0.068366 -0.081874 0.994295 -3.025882
0.995063 0.064395 0.075524 223.498852 -0.070287 0.994461 0.078148 -9.940898 -0.070073 -0.083071 0.994077 -3.174396
0.995661 0.062191 0.069217 224.634567 -0.067536 0.994682 0.077762 -9.964712 -0.064013 -0.082100 0.994566 -3.125371
0.995493 0.062113 0.071658 225.610568 -0.067714 0.994605 0.078583 -10.068529 -0.066390 -0.083081 0.994329 -3.248278
0.995601 0.061090 0.071036 226.642035 -0.066689 0.994616 0.079325 -10.145342 -0.065807 -0.083714 0.994315 -3.320300
0.995704 0.060220 0.070337 227.681986 -0.065786 0.994647 0.079689 -10.221881 -0.065162 -0.083974 0.994335 -3.395538
0.995657 0.060210 0.071007 228.696405 -0.065834 0.994641 0.079724 -10.293767 -0.065827 -0.084052 0.994285 -3.479453
0.995508 0.061137 0.072290 229.673170 -0.066801 0.994656 0.078717 -10.337797 -0.067091 -0.083193 0.994272 -3.550781
0.995560 0.061863 0.070946 230.715923 -0.067510 0.994492 0.080178 -10.440844 -0.065595 -0.084612 0.994253 -3.673397
0.995738 0.061119 0.069067 231.774678 -0.066589 0.994577 0.079887 -10.498843 -0.063810 -0.084146 0.994408 -3.721962
0.995365 0.062271 0.073280 232.691902 -0.068019 0.994571 0.078755 -10.548338 -0.067978 -0.083374 0.994197 -3.783246
0.995430 0.061944 0.072672 233.744265 -0.067691 0.994536 0.079480 -10.638791 -0.067352 -0.084036 0.994184 -3.862609
0.995430 0.062114 0.072531 234.744922 -0.067838 0.994538 0.079324 -10.706548 -0.067208 -0.083882 0.994207 -3.890377
0.995564 0.062527 0.070306 235.813541 -0.068158 0.994399 0.080777 -10.817772 -0.064861 -0.085210 0.994250 -4.015329
0.995561 0.062719 0.070173 236.844781 -0.068336 0.994391 0.080730 -10.882060 -0.064716 -0.085167 0.994263 -4.071430
0.995737 0.062042 0.068252 237.922318 -0.067472 0.994480 0.080358 -10.942512 -0.062890 -0.084620 0.994427 -4.141924
0.995493 0.064291 0.069711 238.898939 -0.069774 0.994406 0.079294 -11.011147 -0.064223 -0.083801 0.994411 -4.247525
0.995911 0.064273 0.063489 240.048073 -0.069203 0.994488 0.078775 -11.064848 -0.058076 -0.082847 0.994869 -4.294429
0.996000 0.064445 0.061887 241.098776 -0.069322 0.994366 0.080187 -11.161243 -0.056370 -0.084156 0.994857 -4.358303
0.995320 0.066649 0.069966 241.955242 -0.072075 0.994334 0.078133 -11.226646 -0.064362 -0.082810 0.994485 -4.510661
0.995925 0.063591 0.063945 243.115011 -0.068560 0.994532 0.078782 -11.281190 -0.058586 -0.082845 0.994839 -4.495114
0.995990 0.063184 0.063344 244.153182 -0.068098 0.994572 0.078677 -11.349895 -0.058029 -0.082675 0.994886 -4.557293
0.996011 0.062752 0.063439 245.180430 -0.067789 0.994435 0.080643 -11.461742 -0.058026 -0.084622 0.994722 -4.639361
0.996383 0.061783 0.058343 246.297667 -0.066332 0.994620 0.079564 -11.490672 -0.053113 -0.083146 0.995121 -4.634584
0.996376 0.061984 0.058253 247.324239 -0.066498 0.994649 0.079060 -11.559084 -0.053041 -0.082647 0.995166 -4.701485
0.996390 0.060750 0.059305 248.334726 -0.065483 0.994525 0.081433 -11.655113 -0.054033 -0.085022 0.994913 -4.747497
0.996344 0.061661 0.059135 249.352145 -0.066456 0.994341 0.082885 -11.754746 -0.053690 -0.086511 0.994803 -4.795934
